{
  "n_within_project": 75,
  "n_within_compiler": 60,
  "n_between": 300,
  "mean_within_project": 0.5013023932096482,
  "mean_within_compiler": 0.5437367212451782,
  "mean_between": 0.5821472323166171,
  "test_project_vs_between": {
    "mean_a": 0.5013023932096482,
    "mean_b": 0.5821472323166171,
    "U": 5554.0,
    "p_value": 5.816283569287073e-12,
    "effect_r": 0.5063111111111112,
    "significant": true
  },
  "test_compiler_vs_between": {
    "mean_a": 0.5437367212451782,
    "mean_b": 0.5821472323166171,
    "U": 4207.5,
    "p_value": 3.6746186161654587e-11,
    "effect_r": 0.5325,
    "significant": true
  },
  "test_project_vs_compiler": {
    "mean_a": 0.5013023932096482,
    "mean_b": 0.5437367212451782,
    "U": 2162.0,
    "p_value": 0.34917730311172934,
    "effect_r": 0.039111111111111097,
    "significant": false
  },
  "interpretation": "Project dominates",
  "ncd_matrix": [
    [
      0.0,
      0.5421686746987951,
      0.5581395348837209,
      0.5609756097560976,
      0.5555555555555556,
      0.5609756097560976,
      0.5185185185185185,
      0.5555555555555556,
      0.5679012345679012,
      0.5555555555555556,
      0.5679012345679012,
      0.5679012345679012,
      0.5308641975308642,
      0.5783132530120482,
      0.6504854368932039,
      0.573170731707317,
      0.5783132530120482,
      0.5714285714285714,
      0.47560975609756095,
      0.6435643564356436,
      0.6372549019607843,
      0.5555555555555556,
      0.5833333333333334,
      0.5882352941176471,
      0.5432098765432098,
      0.5555555555555556,
      0.5679012345679012,
      0.5679012345679012,
      0.5802469135802469,
      0.6179775280898876
    ],
    [
      0.5421686746987951,
      0.0,
      0.23255813953488372,
      0.5662650602409639,
      0.5180722891566265,
      0.5421686746987951,
      0.5662650602409639,
      0.5421686746987951,
      0.5662650602409639,
      0.5662650602409639,
      0.5662650602409639,
      0.5783132530120482,
      0.5662650602409639,
      0.5421686746987951,
      0.6116504854368932,
      0.5783132530120482,
      0.5662650602409639,
      0.5595238095238095,
      0.5662650602409639,
      0.6138613861386139,
      0.6176470588235294,
      0.5662650602409639,
      0.5595238095238095,
      0.5764705882352941,
      0.5662650602409639,
      0.5180722891566265,
      0.5180722891566265,
      0.5783132530120482,
      0.5903614457831325,
      0.6067415730337079
    ],
    [
      0.5581395348837209,
      0.23255813953488372,
      0.0,
      0.5813953488372093,
      0.5348837209302325,
      0.5581395348837209,
      0.5813953488372093,
      0.5581395348837209,
      0.5697674418604651,
      0.5930232558139535,
      0.5813953488372093,
      0.5930232558139535,
      0.5813953488372093,
      0.5465116279069767,
      0.6019417475728155,
      0.5930232558139535,
      0.5813953488372093,
      0.5697674418604651,
      0.5697674418604651,
      0.6039603960396039,
      0.6078431372549019,
      0.5697674418604651,
      0.5813953488372093,
      0.5813953488372093,
      0.5813953488372093,
      0.5348837209302325,
      0.5465116279069767,
      0.5930232558139535,
      0.6046511627906976,
      0.6067415730337079
    ],
    [
      0.5609756097560976,
      0.5662650602409639,
      0.5813953488372093,
      0.0,
      0.524390243902439,
      0.524390243902439,
      0.5853658536585366,
      0.5853658536585366,
      0.5975609756097561,
      0.524390243902439,
      0.5609756097560976,
      0.5609756097560976,
      0.5853658536585366,
      0.6024096385542169,
      0.6601941747572816,
      0.5121951219512195,
      0.5662650602409639,
      0.5714285714285714,
      0.5609756097560976,
      0.6633663366336634,
      0.6470588235294118,
      0.47560975609756095,
      0.5714285714285714,
      0.5764705882352941,
      0.5853658536585366,
      0.5975609756097561,
      0.5975609756097561,
      0.5365853658536586,
      0.573170731707317,
      0.6067415730337079
    ],
    [
      0.5555555555555556,
      0.5180722891566265,
      0.5348837209302325,
      0.524390243902439,
      0.0,
      0.1951219512195122,
      0.575,
      0.55,
      0.575,
      0.55,
      0.5125,
      0.5125,
      0.575,
      0.5662650602409639,
      0.6310679611650486,
      0.5487804878048781,
      0.5301204819277109,
      0.5238095238095238,
      0.573170731707317,
      0.6435643564356436,
      0.6372549019607843,
      0.5432098765432098,
      0.5238095238095238,
      0.5411764705882353,
      0.575,
      0.5625,
      0.5625,
      0.55,
      0.5375,
      0.5842696629213483
    ],
    [
      0.5609756097560976,
      0.5421686746987951,
      0.5581395348837209,
      0.524390243902439,
      0.1951219512195122,
      0.0,
      0.5853658536585366,
      0.5609756097560976,
      0.5853658536585366,
      0.5487804878048781,
      0.5365853658536586,
      0.5365853658536586,
      0.5853658536585366,
      0.5662650602409639,
      0.6407766990291263,
      0.5609756097560976,
      0.5421686746987951,
      0.5357142857142857,
      0.573170731707317,
      0.6534653465346535,
      0.6372549019607843,
      0.5487804878048781,
      0.5357142857142857,
      0.5411764705882353,
      0.5853658536585366,
      0.5853658536585366,
      0.5853658536585366,
      0.5609756097560976,
      0.5609756097560976,
      0.5955056179775281
    ],
    [
      0.5185185185185185,
      0.5662650602409639,
      0.5813953488372093,
      0.5853658536585366,
      0.575,
      0.5853658536585366,
      0.0,
      0.4788732394366197,
      0.4626865671641791,
      0.4,
      0.49295774647887325,
      0.5138888888888888,
      0.5189873417721519,
      0.5662650602409639,
      0.6504854368932039,
      0.573170731707317,
      0.5783132530120482,
      0.5833333333333334,
      0.5121951219512195,
      0.6435643564356436,
      0.6372549019607843,
      0.5432098765432098,
      0.5714285714285714,
      0.5764705882352941,
      0.4861111111111111,
      0.5394736842105263,
      0.5625,
      0.4927536231884058,
      0.5466666666666666,
      0.6179775280898876
    ],
    [
      0.5555555555555556,
      0.5421686746987951,
      0.5581395348837209,
      0.5853658536585366,
      0.55,
      0.5609756097560976,
      0.4788732394366197,
      0.0,
      0.23943661971830985,
      0.5070422535211268,
      0.4647887323943662,
      0.4722222222222222,
      0.5569620253164557,
      0.5542168674698795,
      0.6213592233009708,
      0.573170731707317,
      0.5662650602409639,
      0.5595238095238095,
      0.5609756097560976,
      0.6138613861386139,
      0.6078431372549019,
      0.5555555555555556,
      0.5595238095238095,
      0.5647058823529412,
      0.5138888888888888,
      0.5131578947368421,
      0.5375,
      0.5070422535211268,
      0.5466666666666666,
      0.6067415730337079
    ],
    [
      0.5679012345679012,
      0.5662650602409639,
      0.5697674418604651,
      0.5975609756097561,
      0.575,
      0.5853658536585366,
      0.4626865671641791,
      0.23943661971830985,
      0.0,
      0.4925373134328358,
      0.4788732394366197,
      0.5,
      0.5569620253164557,
      0.5662650602409639,
      0.6310679611650486,
      0.5853658536585366,
      0.5783132530120482,
      0.5833333333333334,
      0.573170731707317,
      0.6336633663366337,
      0.6274509803921569,
      0.5679012345679012,
      0.5833333333333334,
      0.5882352941176471,
      0.5277777777777778,
      0.5263157894736842,
      0.5625,
      0.5072463768115942,
      0.56,
      0.6292134831460674
    ],
    [
      0.5555555555555556,
      0.5662650602409639,
      0.5930232558139535,
      0.524390243902439,
      0.55,
      0.5487804878048781,
      0.4,
      0.5070422535211268,
      0.4925373134328358,
      0.0,
      0.4647887323943662,
      0.4861111111111111,
      0.569620253164557,
      0.6024096385542169,
      0.6601941747572816,
      0.524390243902439,
      0.5542168674698795,
      0.5595238095238095,
      0.573170731707317,
      0.6633663366336634,
      0.6470588235294118,
      0.5185185185185185,
      0.5595238095238095,
      0.5764705882352941,
      0.5277777777777778,
      0.5657894736842105,
      0.5875,
      0.43478260869565216,
      0.52,
      0.5955056179775281
    ],
    [
      0.5679012345679012,
      0.5662650602409639,
      0.5813953488372093,
      0.5609756097560976,
      0.5125,
      0.5365853658536586,
      0.49295774647887325,
      0.4647887323943662,
      0.4788732394366197,
      0.4647887323943662,
      0.0,
      0.06944444444444445,
      0.569620253164557,
      0.5783132530120482,
      0.6407766990291263,
      0.5609756097560976,
      0.5180722891566265,
      0.5238095238095238,
      0.5853658536585366,
      0.6534653465346535,
      0.6372549019607843,
      0.5432098765432098,
      0.5119047619047619,
      0.5176470588235295,
      0.5277777777777778,
      0.5526315789473685,
      0.575,
      0.49295774647887325,
      0.49333333333333335,
      0.5730337078651685
    ],
    [
      0.5679012345679012,
      0.5783132530120482,
      0.5930232558139535,
      0.5609756097560976,
      0.5125,
      0.5365853658536586,
      0.5138888888888888,
      0.4722222222222222,
      0.5,
      0.4861111111111111,
      0.06944444444444445,
      0.0,
      0.5822784810126582,
      0.5783132530120482,
      0.6504854368932039,
      0.5609756097560976,
      0.5301204819277109,
      0.5238095238095238,
      0.5853658536585366,
      0.6534653465346535,
      0.6372549019607843,
      0.5432098765432098,
      0.5119047619047619,
      0.5176470588235295,
      0.5277777777777778,
      0.5526315789473685,
      0.575,
      0.5,
      0.49333333333333335,
      0.5730337078651685
    ],
    [
      0.5308641975308642,
      0.5662650602409639,
      0.5813953488372093,
      0.5853658536585366,
      0.575,
      0.5853658536585366,
      0.5189873417721519,
      0.5569620253164557,
      0.5569620253164557,
      0.569620253164557,
      0.569620253164557,
      0.5822784810126582,
      0.0,
      0.5421686746987951,
      0.6213592233009708,
      0.5609756097560976,
      0.5542168674698795,
      0.5595238095238095,
      0.5121951219512195,
      0.6336633663366337,
      0.6274509803921569,
      0.5555555555555556,
      0.5714285714285714,
      0.5764705882352941,
      0.5443037974683544,
      0.5569620253164557,
      0.575,
      0.5569620253164557,
      0.569620253164557,
      0.6179775280898876
    ],
    [
      0.5783132530120482,
      0.5421686746987951,
      0.5465116279069767,
      0.6024096385542169,
      0.5662650602409639,
      0.5662650602409639,
      0.5662650602409639,
      0.5542168674698795,
      0.5662650602409639,
      0.6024096385542169,
      0.5783132530120482,
      0.5783132530120482,
      0.5421686746987951,
      0.0,
      0.39805825242718446,
      0.5783132530120482,
      0.5301204819277109,
      0.5357142857142857,
      0.5542168674698795,
      0.6039603960396039,
      0.6078431372549019,
      0.5783132530120482,
      0.5714285714285714,
      0.5647058823529412,
      0.5783132530120482,
      0.5421686746987951,
      0.5542168674698795,
      0.5903614457831325,
      0.5903614457831325,
      0.6179775280898876
    ],
    [
      0.6504854368932039,
      0.6116504854368932,
      0.6019417475728155,
      0.6601941747572816,
      0.6310679611650486,
      0.6407766990291263,
      0.6504854368932039,
      0.6213592233009708,
      0.6310679611650486,
      0.6601941747572816,
      0.6407766990291263,
      0.6504854368932039,
      0.6213592233009708,
      0.39805825242718446,
      0.0,
      0.6601941747572816,
      0.6213592233009708,
      0.6213592233009708,
      0.6407766990291263,
      0.6213592233009708,
      0.6116504854368932,
      0.6601941747572816,
      0.6407766990291263,
      0.6310679611650486,
      0.6601941747572816,
      0.6310679611650486,
      0.6407766990291263,
      0.6699029126213593,
      0.6699029126213593,
      0.6601941747572816
    ],
    [
      0.573170731707317,
      0.5783132530120482,
      0.5930232558139535,
      0.5121951219512195,
      0.5487804878048781,
      0.5609756097560976,
      0.573170731707317,
      0.573170731707317,
      0.5853658536585366,
      0.524390243902439,
      0.5609756097560976,
      0.5609756097560976,
      0.5609756097560976,
      0.5783132530120482,
      0.6601941747572816,
      0.0,
      0.5421686746987951,
      0.5357142857142857,
      0.573170731707317,
      0.6534653465346535,
      0.6470588235294118,
      0.47560975609756095,
      0.5476190476190477,
      0.5529411764705883,
      0.5853658536585366,
      0.5853658536585366,
      0.5975609756097561,
      0.5365853658536586,
      0.5609756097560976,
      0.5955056179775281
    ],
    [
      0.5783132530120482,
      0.5662650602409639,
      0.5813953488372093,
      0.5662650602409639,
      0.5301204819277109,
      0.5421686746987951,
      0.5783132530120482,
      0.5662650602409639,
      0.5783132530120482,
      0.5542168674698795,
      0.5180722891566265,
      0.5301204819277109,
      0.5542168674698795,
      0.5301204819277109,
      0.6213592233009708,
      0.5421686746987951,
      0.0,
      0.03571428571428571,
      0.5783132530120482,
      0.6336633663366337,
      0.6274509803921569,
      0.5301204819277109,
      0.5119047619047619,
      0.5176470588235295,
      0.5783132530120482,
      0.5903614457831325,
      0.5903614457831325,
      0.5662650602409639,
      0.5421686746987951,
      0.5730337078651685
    ],
    [
      0.5714285714285714,
      0.5595238095238095,
      0.5697674418604651,
      0.5714285714285714,
      0.5238095238095238,
      0.5357142857142857,
      0.5833333333333334,
      0.5595238095238095,
      0.5833333333333334,
      0.5595238095238095,
      0.5238095238095238,
      0.5238095238095238,
      0.5595238095238095,
      0.5357142857142857,
      0.6213592233009708,
      0.5357142857142857,
      0.03571428571428571,
      0.0,
      0.5714285714285714,
      0.6336633663366337,
      0.6274509803921569,
      0.5357142857142857,
      0.5,
      0.5058823529411764,
      0.5833333333333334,
      0.5833333333333334,
      0.5833333333333334,
      0.5595238095238095,
      0.5357142857142857,
      0.5617977528089888
    ],
    [
      0.47560975609756095,
      0.5662650602409639,
      0.5697674418604651,
      0.5609756097560976,
      0.573170731707317,
      0.573170731707317,
      0.5121951219512195,
      0.5609756097560976,
      0.573170731707317,
      0.573170731707317,
      0.5853658536585366,
      0.5853658536585366,
      0.5121951219512195,
      0.5542168674698795,
      0.6407766990291263,
      0.573170731707317,
      0.5783132530120482,
      0.5714285714285714,
      0.0,
      0.6138613861386139,
      0.6078431372549019,
      0.5487804878048781,
      0.5476190476190477,
      0.5529411764705883,
      0.5487804878048781,
      0.5609756097560976,
      0.573170731707317,
      0.5609756097560976,
      0.573170731707317,
      0.6067415730337079
    ],
    [
      0.6435643564356436,
      0.6138613861386139,
      0.6039603960396039,
      0.6633663366336634,
      0.6435643564356436,
      0.6534653465346535,
      0.6435643564356436,
      0.6138613861386139,
      0.6336633663366337,
      0.6633663366336634,
      0.6534653465346535,
      0.6534653465346535,
      0.6336633663366337,
      0.6039603960396039,
      0.6213592233009708,
      0.6534653465346535,
      0.6336633663366337,
      0.6336633663366337,
      0.6138613861386139,
      0.0,
      0.06862745098039216,
      0.6435643564356436,
      0.6138613861386139,
      0.6138613861386139,
      0.6534653465346535,
      0.6237623762376238,
      0.6237623762376238,
      0.6633663366336634,
      0.6534653465346535,
      0.6534653465346535
    ],
    [
      0.6372549019607843,
      0.6176470588235294,
      0.6078431372549019,
      0.6470588235294118,
      0.6372549019607843,
      0.6372549019607843,
      0.6372549019607843,
      0.6078431372549019,
      0.6274509803921569,
      0.6470588235294118,
      0.6372549019607843,
      0.6372549019607843,
      0.6274509803921569,
      0.6078431372549019,
      0.6116504854368932,
      0.6470588235294118,
      0.6274509803921569,
      0.6274509803921569,
      0.6078431372549019,
      0.06862745098039216,
      0.0,
      0.6372549019607843,
      0.6078431372549019,
      0.6078431372549019,
      0.6470588235294118,
      0.6274509803921569,
      0.6274509803921569,
      0.6568627450980392,
      0.6568627450980392,
      0.6568627450980392
    ],
    [
      0.5555555555555556,
      0.5662650602409639,
      0.5697674418604651,
      0.47560975609756095,
      0.5432098765432098,
      0.5487804878048781,
      0.5432098765432098,
      0.5555555555555556,
      0.5679012345679012,
      0.5185185185185185,
      0.5432098765432098,
      0.5432098765432098,
      0.5555555555555556,
      0.5783132530120482,
      0.6601941747572816,
      0.47560975609756095,
      0.5301204819277109,
      0.5357142857142857,
      0.5487804878048781,
      0.6435643564356436,
      0.6372549019607843,
      0.0,
      0.5476190476190477,
      0.5529411764705883,
      0.5802469135802469,
      0.5802469135802469,
      0.5925925925925926,
      0.5185185185185185,
      0.5555555555555556,
      0.5955056179775281
    ],
    [
      0.5833333333333334,
      0.5595238095238095,
      0.5813953488372093,
      0.5714285714285714,
      0.5238095238095238,
      0.5357142857142857,
      0.5714285714285714,
      0.5595238095238095,
      0.5833333333333334,
      0.5595238095238095,
      0.5119047619047619,
      0.5119047619047619,
      0.5714285714285714,
      0.5714285714285714,
      0.6407766990291263,
      0.5476190476190477,
      0.5119047619047619,
      0.5,
      0.5476190476190477,
      0.6138613861386139,
      0.6078431372549019,
      0.5476190476190477,
      0.0,
      0.15294117647058825,
      0.5952380952380952,
      0.5952380952380952,
      0.5952380952380952,
      0.5714285714285714,
      0.5476190476190477,
      0.5617977528089888
    ],
    [
      0.5882352941176471,
      0.5764705882352941,
      0.5813953488372093,
      0.5764705882352941,
      0.5411764705882353,
      0.5411764705882353,
      0.5764705882352941,
      0.5647058823529412,
      0.5882352941176471,
      0.5764705882352941,
      0.5176470588235295,
      0.5176470588235295,
      0.5764705882352941,
      0.5647058823529412,
      0.6310679611650486,
      0.5529411764705883,
      0.5176470588235295,
      0.5058823529411764,
      0.5529411764705883,
      0.6138613861386139,
      0.6078431372549019,
      0.5529411764705883,
      0.15294117647058825,
      0.0,
      0.6,
      0.6,
      0.6,
      0.5882352941176471,
      0.5529411764705883,
      0.5617977528089888
    ],
    [
      0.5432098765432098,
      0.5662650602409639,
      0.5813953488372093,
      0.5853658536585366,
      0.575,
      0.5853658536585366,
      0.4861111111111111,
      0.5138888888888888,
      0.5277777777777778,
      0.5277777777777778,
      0.5277777777777778,
      0.5277777777777778,
      0.5443037974683544,
      0.5783132530120482,
      0.6601941747572816,
      0.5853658536585366,
      0.5783132530120482,
      0.5833333333333334,
      0.5487804878048781,
      0.6534653465346535,
      0.6470588235294118,
      0.5802469135802469,
      0.5952380952380952,
      0.6,
      0.0,
      0.5131578947368421,
      0.5375,
      0.5138888888888888,
      0.5466666666666666,
      0.6067415730337079
    ],
    [
      0.5555555555555556,
      0.5180722891566265,
      0.5348837209302325,
      0.5975609756097561,
      0.5625,
      0.5853658536585366,
      0.5394736842105263,
      0.5131578947368421,
      0.5263157894736842,
      0.5657894736842105,
      0.5526315789473685,
      0.5526315789473685,
      0.5569620253164557,
      0.5421686746987951,
      0.6310679611650486,
      0.5853658536585366,
      0.5903614457831325,
      0.5833333333333334,
      0.5609756097560976,
      0.6237623762376238,
      0.6274509803921569,
      0.5802469135802469,
      0.5952380952380952,
      0.6,
      0.5131578947368421,
      0.0,
      0.225,
      0.5394736842105263,
      0.5263157894736842,
      0.5955056179775281
    ],
    [
      0.5679012345679012,
      0.5180722891566265,
      0.5465116279069767,
      0.5975609756097561,
      0.5625,
      0.5853658536585366,
      0.5625,
      0.5375,
      0.5625,
      0.5875,
      0.575,
      0.575,
      0.575,
      0.5542168674698795,
      0.6407766990291263,
      0.5975609756097561,
      0.5903614457831325,
      0.5833333333333334,
      0.573170731707317,
      0.6237623762376238,
      0.6274509803921569,
      0.5925925925925926,
      0.5952380952380952,
      0.6,
      0.5375,
      0.225,
      0.0,
      0.5625,
      0.55,
      0.5955056179775281
    ],
    [
      0.5679012345679012,
      0.5783132530120482,
      0.5930232558139535,
      0.5365853658536586,
      0.55,
      0.5609756097560976,
      0.4927536231884058,
      0.5070422535211268,
      0.5072463768115942,
      0.43478260869565216,
      0.49295774647887325,
      0.5,
      0.5569620253164557,
      0.5903614457831325,
      0.6699029126213593,
      0.5365853658536586,
      0.5662650602409639,
      0.5595238095238095,
      0.5609756097560976,
      0.6633663366336634,
      0.6568627450980392,
      0.5185185185185185,
      0.5714285714285714,
      0.5882352941176471,
      0.5138888888888888,
      0.5394736842105263,
      0.5625,
      0.0,
      0.49333333333333335,
      0.5730337078651685
    ],
    [
      0.5802469135802469,
      0.5903614457831325,
      0.6046511627906976,
      0.573170731707317,
      0.5375,
      0.5609756097560976,
      0.5466666666666666,
      0.5466666666666666,
      0.56,
      0.52,
      0.49333333333333335,
      0.49333333333333335,
      0.569620253164557,
      0.5903614457831325,
      0.6699029126213593,
      0.5609756097560976,
      0.5421686746987951,
      0.5357142857142857,
      0.573170731707317,
      0.6534653465346535,
      0.6568627450980392,
      0.5555555555555556,
      0.5476190476190477,
      0.5529411764705883,
      0.5466666666666666,
      0.5263157894736842,
      0.55,
      0.49333333333333335,
      0.0,
      0.3258426966292135
    ],
    [
      0.6179775280898876,
      0.6067415730337079,
      0.6067415730337079,
      0.6067415730337079,
      0.5842696629213483,
      0.5955056179775281,
      0.6179775280898876,
      0.6067415730337079,
      0.6292134831460674,
      0.5955056179775281,
      0.5730337078651685,
      0.5730337078651685,
      0.6179775280898876,
      0.6179775280898876,
      0.6601941747572816,
      0.5955056179775281,
      0.5730337078651685,
      0.5617977528089888,
      0.6067415730337079,
      0.6534653465346535,
      0.6568627450980392,
      0.5955056179775281,
      0.5617977528089888,
      0.5617977528089888,
      0.6067415730337079,
      0.5955056179775281,
      0.5955056179775281,
      0.5730337078651685,
      0.3258426966292135,
      0.0
    ]
  ],
  "binary_names": [
    "sort_gcc-O0",
    "sort_gcc-O2",
    "sort_gcc-O3",
    "sort_clang-O0",
    "sort_clang-O2",
    "sort_clang-O3",
    "hash_gcc-O0",
    "hash_gcc-O2",
    "hash_gcc-O3",
    "hash_clang-O0",
    "hash_clang-O2",
    "hash_clang-O3",
    "compress_gcc-O0",
    "compress_gcc-O2",
    "compress_gcc-O3",
    "compress_clang-O0",
    "compress_clang-O2",
    "compress_clang-O3",
    "search_gcc-O0",
    "search_gcc-O2",
    "search_gcc-O3",
    "search_clang-O0",
    "search_clang-O2",
    "search_clang-O3",
    "matrix_gcc-O0",
    "matrix_gcc-O2",
    "matrix_gcc-O3",
    "matrix_clang-O0",
    "matrix_clang-O2",
    "matrix_clang-O3"
  ]
}