{
  "matrix": [
    [
      0.0,
      0.6613545816733067,
      0.6626984126984127,
      0.6533864541832669,
      0.7051792828685259,
      0.6972111553784861,
      0.6294820717131474,
      0.701195219123506,
      0.7171314741035857,
      0.6932270916334662,
      0.701195219123506,
      0.701195219123506,
      0.6613545816733067,
      0.7131474103585658,
      0.758957654723127,
      0.7131474103585658,
      0.7290836653386454,
      0.7330677290836654,
      0.5936254980079682,
      0.7541528239202658,
      0.7566666666666667,
      0.6733067729083665,
      0.6972111553784861,
      0.7051792828685259,
      0.6573705179282868,
      0.6972111553784861,
      0.6972111553784861,
      0.7091633466135459,
      0.7131474103585658,
      0.7612456747404844
    ],
    [
      0.6613545816733067,
      0.0,
      0.3373015873015873,
      0.701195219123506,
      0.6455696202531646,
      0.6818181818181818,
      0.6919831223628692,
      0.6624472573839663,
      0.6835443037974683,
      0.6919831223628692,
      0.7172995780590717,
      0.7172995780590717,
      0.720164609053498,
      0.6859504132231405,
      0.749185667752443,
      0.7338709677419355,
      0.7136929460580913,
      0.7148760330578512,
      0.7024793388429752,
      0.7308970099667774,
      0.74,
      0.6970954356846473,
      0.6938775510204082,
      0.6987951807228916,
      0.70042194092827,
      0.6624472573839663,
      0.6736401673640168,
      0.7215189873417721,
      0.729957805907173,
      0.7854671280276817
    ],
    [
      0.6626984126984127,
      0.3373015873015873,
      0.0,
      0.6904761904761905,
      0.6666666666666666,
      0.6865079365079365,
      0.6984126984126984,
      0.6865079365079365,
      0.6904761904761905,
      0.7063492063492064,
      0.7142857142857143,
      0.7142857142857143,
      0.7222222222222222,
      0.6944444444444444,
      0.745928338762215,
      0.7341269841269841,
      0.7261904761904762,
      0.7301587301587301,
      0.7103174603174603,
      0.7209302325581395,
      0.7333333333333333,
      0.7063492063492064,
      0.7023809523809523,
      0.7023809523809523,
      0.7142857142857143,
      0.6706349206349206,
      0.6785714285714286,
      0.7341269841269841,
      0.7380952380952381,
      0.7750865051903114
    ],
    [
      0.6533864541832669,
      0.701195219123506,
      0.6904761904761905,
      0.0,
      0.6573705179282868,
      0.6533864541832669,
      0.701195219123506,
      0.7131474103585658,
      0.7370517928286853,
      0.6533864541832669,
      0.6972111553784861,
      0.701195219123506,
      0.7171314741035857,
      0.749003984063745,
      0.7882736156351792,
      0.6454183266932271,
      0.7171314741035857,
      0.7171314741035857,
      0.7131474103585658,
      0.770764119601329,
      0.77,
      0.6215139442231076,
      0.6932270916334662,
      0.6972111553784861,
      0.7211155378486056,
      0.7290836653386454,
      0.7410358565737052,
      0.6812749003984063,
      0.6972111553784861,
      0.7577854671280276
    ],
    [
      0.7051792828685259,
      0.6455696202531646,
      0.6666666666666666,
      0.6573705179282868,
      0.0,
      0.30165289256198347,
      0.7111111111111111,
      0.6933333333333334,
      0.72,
      0.6577777777777778,
      0.64,
      0.64,
      0.7407407407407407,
      0.7148760330578512,
      0.7817589576547231,
      0.7016129032258065,
      0.6929460580912863,
      0.6900826446280992,
      0.7355371900826446,
      0.7740863787375415,
      0.77,
      0.6639004149377593,
      0.6612244897959184,
      0.6706827309236948,
      0.72,
      0.7155555555555555,
      0.7405857740585774,
      0.6977777777777778,
      0.6652173913043479,
      0.7439446366782007
    ],
    [
      0.6972111553784861,
      0.6818181818181818,
      0.6865079365079365,
      0.6533864541832669,
      0.30165289256198347,
      0.0,
      0.7231404958677686,
      0.7024793388429752,
      0.7272727272727273,
      0.6735537190082644,
      0.6818181818181818,
      0.6776859504132231,
      0.7283950617283951,
      0.7272727272727273,
      0.7882736156351792,
      0.6854838709677419,
      0.6983471074380165,
      0.6983471074380165,
      0.7272727272727273,
      0.7774086378737541,
      0.7733333333333333,
      0.6694214876033058,
      0.6530612244897959,
      0.6626506024096386,
      0.7231404958677686,
      0.731404958677686,
      0.7355371900826446,
      0.6900826446280992,
      0.6694214876033058,
      0.7474048442906575
    ],
    [
      0.6294820717131474,
      0.6919831223628692,
      0.6984126984126984,
      0.701195219123506,
      0.7111111111111111,
      0.7231404958677686,
      0.0,
      0.5920398009950248,
      0.5860215053763441,
      0.5698924731182796,
      0.6262626262626263,
      0.6287128712871287,
      0.6419753086419753,
      0.6942148760330579,
      0.7654723127035831,
      0.7137096774193549,
      0.7053941908713693,
      0.7107438016528925,
      0.628099173553719,
      0.760797342192691,
      0.7633333333333333,
      0.6887966804979253,
      0.7020408163265306,
      0.7068273092369478,
      0.6342592592592593,
      0.6741071428571429,
      0.7071129707112971,
      0.6485148514851485,
      0.691304347826087,
      0.7577854671280276
    ],
    [
      0.701195219123506,
      0.6624472573839663,
      0.6865079365079365,
      0.7131474103585658,
      0.6933333333333334,
      0.7024793388429752,
      0.5920398009950248,
      0.0,
      0.3333333333333333,
      0.6417910447761194,
      0.6019900497512438,
      0.6039603960396039,
      0.6872427983539094,
      0.6942148760330579,
      0.758957654723127,
      0.7096774193548387,
      0.6970954356846473,
      0.6942148760330579,
      0.6942148760330579,
      0.7308970099667774,
      0.7233333333333334,
      0.6846473029045643,
      0.7020408163265306,
      0.7108433734939759,
      0.6805555555555556,
      0.6428571428571429,
      0.6652719665271967,
      0.6435643564356436,
      0.6869565217391305,
      0.7612456747404844
    ],
    [
      0.7171314741035857,
      0.6835443037974683,
      0.6904761904761905,
      0.7370517928286853,
      0.72,
      0.7272727272727273,
      0.5860215053763441,
      0.3333333333333333,
      0.0,
      0.6344086021505376,
      0.6111111111111112,
      0.6287128712871287,
      0.6954732510288066,
      0.6859504132231405,
      0.762214983713355,
      0.7217741935483871,
      0.7219917012448133,
      0.7231404958677686,
      0.7024793388429752,
      0.7441860465116279,
      0.74,
      0.7053941908713693,
      0.7061224489795919,
      0.7108433734939759,
      0.6805555555555556,
      0.6607142857142857,
      0.6903765690376569,
      0.6633663366336634,
      0.7,
      0.7681660899653979
    ],
    [
      0.6932270916334662,
      0.6919831223628692,
      0.7063492063492064,
      0.6533864541832669,
      0.6577777777777778,
      0.6735537190082644,
      0.5698924731182796,
      0.6417910447761194,
      0.6344086021505376,
      0.0,
      0.5909090909090909,
      0.599009900990099,
      0.7037037037037037,
      0.7231404958677686,
      0.7850162866449512,
      0.6451612903225806,
      0.6804979253112033,
      0.6859504132231405,
      0.6983471074380165,
      0.7674418604651163,
      0.76,
      0.6431535269709544,
      0.673469387755102,
      0.6746987951807228,
      0.6851851851851852,
      0.6830357142857143,
      0.7112970711297071,
      0.5742574257425742,
      0.6478260869565218,
      0.7301038062283737
    ],
    [
      0.701195219123506,
      0.7172995780590717,
      0.7142857142857143,
      0.6972111553784861,
      0.64,
      0.6818181818181818,
      0.6262626262626263,
      0.6019900497512438,
      0.6111111111111112,
      0.5909090909090909,
      0.0,
      0.10396039603960396,
      0.7078189300411523,
      0.7272727272727273,
      0.7850162866449512,
      0.6975806451612904,
      0.6556016597510373,
      0.6652892561983471,
      0.7148760330578512,
      0.7740863787375415,
      0.7666666666666667,
      0.6721991701244814,
      0.6448979591836734,
      0.6465863453815262,
      0.6851851851851852,
      0.6875,
      0.7112970711297071,
      0.6237623762376238,
      0.6260869565217392,
      0.71280276816609
    ],
    [
      0.701195219123506,
      0.7172995780590717,
      0.7142857142857143,
      0.701195219123506,
      0.64,
      0.6776859504132231,
      0.6287128712871287,
      0.6039603960396039,
      0.6287128712871287,
      0.599009900990099,
      0.10396039603960396,
      0.0,
      0.7119341563786008,
      0.7107438016528925,
      0.7882736156351792,
      0.6975806451612904,
      0.6597510373443983,
      0.6652892561983471,
      0.7148760330578512,
      0.7774086378737541,
      0.77,
      0.6680497925311203,
      0.6448979591836734,
      0.6465863453815262,
      0.6805555555555556,
      0.6964285714285714,
      0.7238493723849372,
      0.6287128712871287,
      0.6304347826086957,
      0.71280276816609
    ],
    [
      0.6613545816733067,
      0.720164609053498,
      0.7222222222222222,
      0.7171314741035857,
      0.7407407407407407,
      0.7283950617283951,
      0.6419753086419753,
      0.6872427983539094,
      0.6954732510288066,
      0.7037037037037037,
      0.7078189300411523,
      0.7119341563786008,
      0.0,
      0.6502057613168725,
      0.7231270358306189,
      0.6975806451612904,
      0.691358024691358,
      0.6790123456790124,
      0.6460905349794238,
      0.7475083056478405,
      0.75,
      0.691358024691358,
      0.6979591836734694,
      0.7028112449799196,
      0.6831275720164609,
      0.6995884773662552,
      0.7037037037037037,
      0.7078189300411523,
      0.6995884773662552,
      0.7681660899653979
    ],
    [
      0.7131474103585658,
      0.6859504132231405,
      0.6944444444444444,
      0.749003984063745,
      0.7148760330578512,
      0.7272727272727273,
      0.6942148760330579,
      0.6942148760330579,
      0.6859504132231405,
      0.7231404958677686,
      0.7272727272727273,
      0.7107438016528925,
      0.6502057613168725,
      0.0,
      0.4820846905537459,
      0.7258064516129032,
      0.6652892561983471,
      0.6694214876033058,
      0.7066115702479339,
      0.7475083056478405,
      0.75,
      0.7272727272727273,
      0.6979591836734694,
      0.7028112449799196,
      0.7107438016528925,
      0.6776859504132231,
      0.6818181818181818,
      0.7272727272727273,
      0.7231404958677686,
      0.7750865051903114
    ],
    [
      0.758957654723127,
      0.749185667752443,
      0.745928338762215,
      0.7882736156351792,
      0.7817589576547231,
      0.7882736156351792,
      0.7654723127035831,
      0.758957654723127,
      0.762214983713355,
      0.7850162866449512,
      0.7850162866449512,
      0.7882736156351792,
      0.7231270358306189,
      0.4820846905537459,
      0.0,
      0.7752442996742671,
      0.752442996742671,
      0.755700325732899,
      0.7687296416938111,
      0.755700325732899,
      0.755700325732899,
      0.7850162866449512,
      0.7654723127035831,
      0.7654723127035831,
      0.7850162866449512,
      0.742671009771987,
      0.755700325732899,
      0.7915309446254072,
      0.7785016286644951,
      0.7947882736156352
    ],
    [
      0.7131474103585658,
      0.7338709677419355,
      0.7341269841269841,
      0.6454183266932271,
      0.7016129032258065,
      0.6854838709677419,
      0.7137096774193549,
      0.7096774193548387,
      0.7217741935483871,
      0.6451612903225806,
      0.6975806451612904,
      0.6975806451612904,
      0.6975806451612904,
      0.7258064516129032,
      0.7752442996742671,
      0.0,
      0.6895161290322581,
      0.6935483870967742,
      0.717741935483871,
      0.7740863787375415,
      0.77,
      0.6129032258064516,
      0.6774193548387096,
      0.6827309236947792,
      0.7298387096774194,
      0.7298387096774194,
      0.7338709677419355,
      0.6491935483870968,
      0.6854838709677419,
      0.740484429065744
    ],
    [
      0.7290836653386454,
      0.7136929460580913,
      0.7261904761904762,
      0.7171314741035857,
      0.6929460580912863,
      0.6983471074380165,
      0.7053941908713693,
      0.6970954356846473,
      0.7219917012448133,
      0.6804979253112033,
      0.6556016597510373,
      0.6597510373443983,
      0.691358024691358,
      0.6652892561983471,
      0.752442996742671,
      0.6895161290322581,
      0.0,
      0.05785123966942149,
      0.731404958677686,
      0.7641196013289037,
      0.7566666666666667,
      0.6763485477178424,
      0.636734693877551,
      0.6385542168674698,
      0.7136929460580913,
      0.7219917012448133,
      0.7302904564315352,
      0.6970954356846473,
      0.6556016597510373,
      0.7197231833910035
    ],
    [
      0.7330677290836654,
      0.7148760330578512,
      0.7301587301587301,
      0.7171314741035857,
      0.6900826446280992,
      0.6983471074380165,
      0.7107438016528925,
      0.6942148760330579,
      0.7231404958677686,
      0.6859504132231405,
      0.6652892561983471,
      0.6652892561983471,
      0.6790123456790124,
      0.6694214876033058,
      0.755700325732899,
      0.6935483870967742,
      0.05785123966942149,
      0.0,
      0.731404958677686,
      0.7641196013289037,
      0.7566666666666667,
      0.6818181818181818,
      0.6326530612244898,
      0.6385542168674698,
      0.731404958677686,
      0.7231404958677686,
      0.731404958677686,
      0.6983471074380165,
      0.6570247933884298,
      0.7197231833910035
    ],
    [
      0.5936254980079682,
      0.7024793388429752,
      0.7103174603174603,
      0.7131474103585658,
      0.7355371900826446,
      0.7272727272727273,
      0.628099173553719,
      0.6942148760330579,
      0.7024793388429752,
      0.6983471074380165,
      0.7148760330578512,
      0.7148760330578512,
      0.6460905349794238,
      0.7066115702479339,
      0.7687296416938111,
      0.717741935483871,
      0.731404958677686,
      0.731404958677686,
      0.0,
      0.7275747508305648,
      0.7266666666666667,
      0.6735537190082644,
      0.7020408163265306,
      0.7068273092369478,
      0.6735537190082644,
      0.7066115702479339,
      0.7107438016528925,
      0.7066115702479339,
      0.6983471074380165,
      0.7716262975778547
    ],
    [
      0.7541528239202658,
      0.7308970099667774,
      0.7209302325581395,
      0.770764119601329,
      0.7740863787375415,
      0.7774086378737541,
      0.760797342192691,
      0.7308970099667774,
      0.7441860465116279,
      0.7674418604651163,
      0.7740863787375415,
      0.7774086378737541,
      0.7475083056478405,
      0.7475083056478405,
      0.755700325732899,
      0.7740863787375415,
      0.7641196013289037,
      0.7641196013289037,
      0.7275747508305648,
      0.0,
      0.10963455149501661,
      0.770764119601329,
      0.7375415282392026,
      0.7375415282392026,
      0.7774086378737541,
      0.7574750830564784,
      0.760797342192691,
      0.7906976744186046,
      0.7873754152823921,
      0.7973421926910299
    ],
    [
      0.7566666666666667,
      0.74,
      0.7333333333333333,
      0.77,
      0.77,
      0.7733333333333333,
      0.7633333333333333,
      0.7233333333333334,
      0.74,
      0.76,
      0.7666666666666667,
      0.77,
      0.75,
      0.75,
      0.755700325732899,
      0.77,
      0.7566666666666667,
      0.7566666666666667,
      0.7266666666666667,
      0.10963455149501661,
      0.0,
      0.7666666666666667,
      0.7366666666666667,
      0.7366666666666667,
      0.7766666666666666,
      0.7633333333333333,
      0.7733333333333333,
      0.7866666666666666,
      0.7933333333333333,
      0.7966666666666666
    ],
    [
      0.6733067729083665,
      0.6970954356846473,
      0.7063492063492064,
      0.6215139442231076,
      0.6639004149377593,
      0.6694214876033058,
      0.6887966804979253,
      0.6846473029045643,
      0.7053941908713693,
      0.6431535269709544,
      0.6721991701244814,
      0.6680497925311203,
      0.691358024691358,
      0.7272727272727273,
      0.7850162866449512,
      0.6129032258064516,
      0.6763485477178424,
      0.6818181818181818,
      0.6735537190082644,
      0.770764119601329,
      0.7666666666666667,
      0.0,
      0.6775510204081633,
      0.6666666666666666,
      0.7095435684647303,
      0.7261410788381742,
      0.7261410788381742,
      0.6597510373443983,
      0.6804979253112033,
      0.7370242214532872
    ],
    [
      0.6972111553784861,
      0.6938775510204082,
      0.7023809523809523,
      0.6932270916334662,
      0.6612244897959184,
      0.6530612244897959,
      0.7020408163265306,
      0.7020408163265306,
      0.7061224489795919,
      0.673469387755102,
      0.6448979591836734,
      0.6448979591836734,
      0.6979591836734694,
      0.6979591836734694,
      0.7654723127035831,
      0.6774193548387096,
      0.636734693877551,
      0.6326530612244898,
      0.7020408163265306,
      0.7375415282392026,
      0.7366666666666667,
      0.6775510204081633,
      0.0,
      0.21285140562248997,
      0.7142857142857143,
      0.726530612244898,
      0.7346938775510204,
      0.7020408163265306,
      0.6489795918367347,
      0.726643598615917
    ],
    [
      0.7051792828685259,
      0.6987951807228916,
      0.7023809523809523,
      0.6972111553784861,
      0.6706827309236948,
      0.6626506024096386,
      0.7068273092369478,
      0.7108433734939759,
      0.7108433734939759,
      0.6746987951807228,
      0.6465863453815262,
      0.6465863453815262,
      0.7028112449799196,
      0.7028112449799196,
      0.7654723127035831,
      0.6827309236947792,
      0.6385542168674698,
      0.6385542168674698,
      0.7068273092369478,
      0.7375415282392026,
      0.7366666666666667,
      0.6666666666666666,
      0.21285140562248997,
      0.0,
      0.7269076305220884,
      0.7349397590361446,
      0.7389558232931727,
      0.7108433734939759,
      0.6546184738955824,
      0.726643598615917
    ],
    [
      0.6573705179282868,
      0.70042194092827,
      0.7142857142857143,
      0.7211155378486056,
      0.72,
      0.7231404958677686,
      0.6342592592592593,
      0.6805555555555556,
      0.6805555555555556,
      0.6851851851851852,
      0.6851851851851852,
      0.6805555555555556,
      0.6831275720164609,
      0.7107438016528925,
      0.7850162866449512,
      0.7298387096774194,
      0.7136929460580913,
      0.731404958677686,
      0.6735537190082644,
      0.7774086378737541,
      0.7766666666666666,
      0.7095435684647303,
      0.7142857142857143,
      0.7269076305220884,
      0.0,
      0.6294642857142857,
      0.6652719665271967,
      0.6481481481481481,
      0.6652173913043479,
      0.7370242214532872
    ],
    [
      0.6972111553784861,
      0.6624472573839663,
      0.6706349206349206,
      0.7290836653386454,
      0.7155555555555555,
      0.731404958677686,
      0.6741071428571429,
      0.6428571428571429,
      0.6607142857142857,
      0.6830357142857143,
      0.6875,
      0.6964285714285714,
      0.6995884773662552,
      0.6776859504132231,
      0.742671009771987,
      0.7298387096774194,
      0.7219917012448133,
      0.7231404958677686,
      0.7066115702479339,
      0.7574750830564784,
      0.7633333333333333,
      0.7261410788381742,
      0.726530612244898,
      0.7349397590361446,
      0.6294642857142857,
      0.0,
      0.27615062761506276,
      0.6696428571428571,
      0.6521739130434783,
      0.7197231833910035
    ],
    [
      0.6972111553784861,
      0.6736401673640168,
      0.6785714285714286,
      0.7410358565737052,
      0.7405857740585774,
      0.7355371900826446,
      0.7071129707112971,
      0.6652719665271967,
      0.6903765690376569,
      0.7112970711297071,
      0.7112970711297071,
      0.7238493723849372,
      0.7037037037037037,
      0.6818181818181818,
      0.755700325732899,
      0.7338709677419355,
      0.7302904564315352,
      0.731404958677686,
      0.7107438016528925,
      0.760797342192691,
      0.7733333333333333,
      0.7261410788381742,
      0.7346938775510204,
      0.7389558232931727,
      0.6652719665271967,
      0.27615062761506276,
      0.0,
      0.698744769874477,
      0.6694560669456067,
      0.7370242214532872
    ],
    [
      0.7091633466135459,
      0.7215189873417721,
      0.7341269841269841,
      0.6812749003984063,
      0.6977777777777778,
      0.6900826446280992,
      0.6485148514851485,
      0.6435643564356436,
      0.6633663366336634,
      0.5742574257425742,
      0.6237623762376238,
      0.6287128712871287,
      0.7078189300411523,
      0.7272727272727273,
      0.7915309446254072,
      0.6491935483870968,
      0.6970954356846473,
      0.6983471074380165,
      0.7066115702479339,
      0.7906976744186046,
      0.7866666666666666,
      0.6597510373443983,
      0.7020408163265306,
      0.7108433734939759,
      0.6481481481481481,
      0.6696428571428571,
      0.698744769874477,
      0.0,
      0.6217391304347826,
      0.6955017301038062
    ],
    [
      0.7131474103585658,
      0.729957805907173,
      0.7380952380952381,
      0.6972111553784861,
      0.6652173913043479,
      0.6694214876033058,
      0.691304347826087,
      0.6869565217391305,
      0.7,
      0.6478260869565218,
      0.6260869565217392,
      0.6304347826086957,
      0.6995884773662552,
      0.7231404958677686,
      0.7785016286644951,
      0.6854838709677419,
      0.6556016597510373,
      0.6570247933884298,
      0.6983471074380165,
      0.7873754152823921,
      0.7933333333333333,
      0.6804979253112033,
      0.6489795918367347,
      0.6546184738955824,
      0.6652173913043479,
      0.6521739130434783,
      0.6694560669456067,
      0.6217391304347826,
      0.0,
      0.3944636678200692
    ],
    [
      0.7612456747404844,
      0.7854671280276817,
      0.7750865051903114,
      0.7577854671280276,
      0.7439446366782007,
      0.7474048442906575,
      0.7577854671280276,
      0.7612456747404844,
      0.7681660899653979,
      0.7301038062283737,
      0.71280276816609,
      0.71280276816609,
      0.7681660899653979,
      0.7750865051903114,
      0.7947882736156352,
      0.740484429065744,
      0.7197231833910035,
      0.7197231833910035,
      0.7716262975778547,
      0.7973421926910299,
      0.7966666666666666,
      0.7370242214532872,
      0.726643598615917,
      0.726643598615917,
      0.7370242214532872,
      0.7197231833910035,
      0.7370242214532872,
      0.6955017301038062,
      0.3944636678200692,
      0.0
    ]
  ],
  "binary_names": [
    "sort_gcc-O0",
    "sort_gcc-O2",
    "sort_gcc-O3",
    "sort_clang-O0",
    "sort_clang-O2",
    "sort_clang-O3",
    "hash_gcc-O0",
    "hash_gcc-O2",
    "hash_gcc-O3",
    "hash_clang-O0",
    "hash_clang-O2",
    "hash_clang-O3",
    "compress_gcc-O0",
    "compress_gcc-O2",
    "compress_gcc-O3",
    "compress_clang-O0",
    "compress_clang-O2",
    "compress_clang-O3",
    "search_gcc-O0",
    "search_gcc-O2",
    "search_gcc-O3",
    "search_clang-O0",
    "search_clang-O2",
    "search_clang-O3",
    "matrix_gcc-O0",
    "matrix_gcc-O2",
    "matrix_gcc-O3",
    "matrix_clang-O0",
    "matrix_clang-O2",
    "matrix_clang-O3"
  ],
  "statistics": {
    "mean_distance": 0.6953079111191581,
    "std_distance": 0.0818835747300191,
    "min_distance": 0.05785123966942149,
    "max_distance": 0.7973421926910299,
    "median_distance": 0.7037037037037037
  },
  "category_separation": {
    "n_within_pairs": 75,
    "n_between_pairs": 360,
    "mean_within": 0.621747207559447,
    "mean_between": 0.710633057694098,
    "per_category_mean": {
      "sort": 0.626785010241518,
      "hash": 0.5568077382284851,
      "compress": 0.647212605106383,
      "search": 0.645947605489403,
      "matrix": 0.6319830787314464
    },
    "mannwhitney_U": 7143.5,
    "p_value": 6.932722163785199e-11,
    "effect_size_r": 0.47085185185185185,
    "significant": true,
    "interpretation": "Within-category NCD (mean 0.622) is significantly smaller than between-category NCD (mean 0.711), p=0.0000, r=0.471 (Mann-Whitney U, one-sided)."
  },
  "most_similar_pairs": [
    {
      "binary1": "compress_clang-O2",
      "binary2": "compress_clang-O3",
      "distance": 0.05785123966942149,
      "similarity": 0.9421487603305785
    },
    {
      "binary1": "hash_clang-O2",
      "binary2": "hash_clang-O3",
      "distance": 0.10396039603960396,
      "similarity": 0.8960396039603961
    },
    {
      "binary1": "search_gcc-O2",
      "binary2": "search_gcc-O3",
      "distance": 0.10963455149501661,
      "similarity": 0.8903654485049834
    },
    {
      "binary1": "search_clang-O2",
      "binary2": "search_clang-O3",
      "distance": 0.21285140562248997,
      "similarity": 0.7871485943775101
    },
    {
      "binary1": "matrix_gcc-O2",
      "binary2": "matrix_gcc-O3",
      "distance": 0.27615062761506276,
      "similarity": 0.7238493723849373
    }
  ],
  "most_different_pairs": [
    {
      "binary1": "search_gcc-O2",
      "binary2": "matrix_clang-O3",
      "distance": 0.7973421926910299,
      "similarity": 0.2026578073089701
    },
    {
      "binary1": "search_gcc-O3",
      "binary2": "matrix_clang-O3",
      "distance": 0.7966666666666666,
      "similarity": 0.20333333333333337
    },
    {
      "binary1": "compress_gcc-O3",
      "binary2": "matrix_clang-O3",
      "distance": 0.7947882736156352,
      "similarity": 0.2052117263843648
    },
    {
      "binary1": "search_gcc-O3",
      "binary2": "matrix_clang-O2",
      "distance": 0.7933333333333333,
      "similarity": 0.20666666666666667
    },
    {
      "binary1": "compress_gcc-O3",
      "binary2": "matrix_clang-O0",
      "distance": 0.7915309446254072,
      "similarity": 0.20846905537459282
    }
  ]
}