{
  "2gram": {
    "n": 2,
    "similarity_matrix": [
      [
        1.000000000000001,
        0.7517674311441748,
        0.7917307998898921,
        0.8343971820167303,
        0.6997877738185407,
        0.730139055095038,
        0.8773451487433646,
        0.6655782637867461,
        0.638779281644869,
        0.8738999150608922,
        0.45136354605777845,
        0.44811171985341736,
        0.9006662526292559,
        0.6813652050042605,
        0.5916309880763901,
        0.8635530602121513,
        0.39043087557154615,
        0.3861527695606102,
        0.9109819368703209,
        0.5234121999797383,
        0.5140554648573098,
        0.8634153137424392,
        0.23212322246122552,
        0.2237611724767955,
        0.7864905825374939,
        0.4996722676866326,
        0.4770826854209084,
        0.5828262932644019,
        0.2364803655451319,
        0.04991628887981092
      ],
      [
        0.7517674311441748,
        1.0000000000000002,
        0.9793499753404118,
        0.6817682968420202,
        0.8172604305918327,
        0.7164177152817942,
        0.7971059995727865,
        0.8461557556898367,
        0.8106221272786961,
        0.7568063194292508,
        0.5739305208536742,
        0.5779356050789453,
        0.762390488346878,
        0.8425431633719025,
        0.6667548171076907,
        0.6744707225133347,
        0.5146126967828653,
        0.5108217145251882,
        0.7517399319342464,
        0.7612852725366945,
        0.7557990861585323,
        0.6829590341599817,
        0.33184457238415255,
        0.31721201070197924,
        0.7057287569385053,
        0.7654568951140144,
        0.72836334384733,
        0.5643095780015431,
        0.3104661040593064,
        0.07005781716394019
      ],
      [
        0.7917307998898921,
        0.9793499753404118,
        1.000000000000002,
        0.7452110157109848,
        0.8330942967441515,
        0.756113689075147,
        0.8569262028770765,
        0.8438634571310413,
        0.8141931317443121,
        0.818874449827447,
        0.5784717885586026,
        0.5796612843666129,
        0.8176319467305001,
        0.8463445295302073,
        0.6881343205825305,
        0.7545839529180042,
        0.5240680935074729,
        0.5200616115760879,
        0.7969464995852098,
        0.7533706131563916,
        0.7459478116507334,
        0.7540107118310969,
        0.3275627055412975,
        0.3115226966187069,
        0.7433408277391684,
        0.7374075485087198,
        0.7116426923722535,
        0.5789284398290335,
        0.31281542191087164,
        0.0708625105318631
      ],
      [
        0.8343971820167303,
        0.6817682968420202,
        0.7452110157109848,
        0.9999999999999986,
        0.7232891428060056,
        0.7079747195732566,
        0.8627734333644677,
        0.5854105532053694,
        0.5570890160964402,
        0.9011856594496709,
        0.4327523199460253,
        0.4241476740985976,
        0.8720411943973331,
        0.6267277320079885,
        0.5666654646331896,
        0.9128928656208493,
        0.40120216888411636,
        0.39634501942419564,
        0.8863080319898575,
        0.4860050028292908,
        0.4794134865678099,
        0.9499479267214922,
        0.22230317330603275,
        0.21587132253567484,
        0.7930766301004027,
        0.4417798717417553,
        0.4163679986242644,
        0.6500480266048192,
        0.24604764747225963,
        0.05353930506923775
      ],
      [
        0.6997877738185407,
        0.8172604305918327,
        0.8330942967441515,
        0.7232891428060056,
        1.0000000000000009,
        0.8537224016750895,
        0.7256945554281171,
        0.7119369608612776,
        0.6943986168925883,
        0.7788273944021417,
        0.6328202217024403,
        0.6338248076334599,
        0.7100743765524534,
        0.758650995942304,
        0.6494832943166909,
        0.6964379175581542,
        0.5506945854259744,
        0.5529424204642616,
        0.7244638373269949,
        0.692443331547651,
        0.6853619134226904,
        0.7217611993370651,
        0.36893684250308884,
        0.35829648892668675,
        0.6616376175719996,
        0.6218826242216359,
        0.6016140693344326,
        0.6486400092431776,
        0.37164462939165593,
        0.0823106466701497
      ],
      [
        0.730139055095038,
        0.7164177152817942,
        0.756113689075147,
        0.7079747195732566,
        0.8537224016750895,
        0.9999999999999996,
        0.7190506428954687,
        0.6211694257334984,
        0.6106685669021318,
        0.7743276593219722,
        0.5253654808186836,
        0.5235731609699354,
        0.7239885140159841,
        0.6779313412612974,
        0.5891350673726634,
        0.7121564347163769,
        0.48393887785170275,
        0.4827309412542319,
        0.7221313678161625,
        0.5890150947332555,
        0.578587317387087,
        0.7154854074900127,
        0.2845911249954436,
        0.27795606562508296,
        0.6489977808031108,
        0.5619874732803519,
        0.5431156187043793,
        0.6615234917987209,
        0.35211164267930267,
        0.07602251246610255
      ],
      [
        0.8773451487433646,
        0.7971059995727865,
        0.8569262028770765,
        0.8627734333644677,
        0.7256945554281171,
        0.7190506428954687,
        0.9999999999999997,
        0.7586311671080767,
        0.7376318204321245,
        0.9373171541181441,
        0.5236521360244979,
        0.5174740071760291,
        0.9367434894529847,
        0.7509828734619948,
        0.6692442638536726,
        0.9309961179200643,
        0.4675204930195789,
        0.4627496888102186,
        0.8845515716376631,
        0.5741040220770809,
        0.5685966113393877,
        0.8997629585592629,
        0.2517474664943649,
        0.2428407767540186,
        0.8223027062554156,
        0.5978041145205423,
        0.5734934314287584,
        0.5569243801577959,
        0.27483999380754726,
        0.06294497585297684
      ],
      [
        0.6655782637867461,
        0.8461557556898367,
        0.8438634571310413,
        0.5854105532053694,
        0.7119369608612776,
        0.6211694257334984,
        0.7586311671080767,
        1.0000000000000009,
        0.9844151133213275,
        0.6896979846959825,
        0.6966298022839463,
        0.701134143006455,
        0.703067400690021,
        0.8706889633182615,
        0.6763757331308533,
        0.6214712023793519,
        0.5482782268374097,
        0.5474864925525361,
        0.69615277162357,
        0.7849832796286924,
        0.7744911920037076,
        0.6169404057178511,
        0.35591513806226016,
        0.33643878310561265,
        0.6765061176928868,
        0.7920957748760109,
        0.7727244104962435,
        0.5088113613191965,
        0.3699809278218146,
        0.08092874160940941
      ],
      [
        0.638779281644869,
        0.8106221272786961,
        0.8141931317443121,
        0.5570890160964402,
        0.6943986168925883,
        0.6106685669021318,
        0.7376318204321245,
        0.9844151133213275,
        1.0000000000000002,
        0.6689103257531213,
        0.7173350877446609,
        0.7217117722194459,
        0.679507540049233,
        0.8586567361435463,
        0.6747246562911045,
        0.6006264876959746,
        0.5372184986787241,
        0.5368046457383175,
        0.6738379209973893,
        0.7697019354197372,
        0.7589040506146965,
        0.5976483469697849,
        0.35364030317203465,
        0.33270292475352514,
        0.6547609323084086,
        0.7566887871606172,
        0.7383008406571889,
        0.4965479285593027,
        0.35934425241392787,
        0.07904417845688207
      ],
      [
        0.8738999150608922,
        0.7568063194292508,
        0.818874449827447,
        0.9011856594496709,
        0.7788273944021417,
        0.7743276593219722,
        0.9373171541181441,
        0.6896979846959825,
        0.6689103257531213,
        0.9999999999999999,
        0.5563806463566741,
        0.5471207152194693,
        0.9310246816289235,
        0.72350956963737,
        0.6831198585898095,
        0.9479587836187435,
        0.501631425373101,
        0.49618228698956635,
        0.8773375984075699,
        0.5384849830085021,
        0.5334501322474723,
        0.9350569564998519,
        0.2719314217190902,
        0.26662357047395047,
        0.7855402918682943,
        0.5442485169414905,
        0.5127942037576474,
        0.6649610294839323,
        0.2995539338627411,
        0.0671381234685104
      ],
      [
        0.45136354605777845,
        0.5739305208536742,
        0.5784717885586026,
        0.4327523199460253,
        0.6328202217024403,
        0.5253654808186836,
        0.5236521360244979,
        0.6966298022839463,
        0.7173350877446609,
        0.5563806463566741,
        0.9999999999999996,
        0.9978518190264641,
        0.4857363247475922,
        0.6434252935906406,
        0.5430683700841542,
        0.4601455978595944,
        0.576407301966205,
        0.5756354008490627,
        0.47139336499632734,
        0.5718841391566188,
        0.5669500807150685,
        0.45658067236604993,
        0.33828406184635085,
        0.32744146911690764,
        0.43665935544996515,
        0.5146167186447298,
        0.5020259918942818,
        0.4213852926285224,
        0.3128900434511409,
        0.06955617998131941
      ],
      [
        0.44811171985341736,
        0.5779356050789453,
        0.5796612843666129,
        0.4241476740985976,
        0.6338248076334599,
        0.5235731609699354,
        0.5174740071760291,
        0.701134143006455,
        0.7217117722194459,
        0.5471207152194693,
        0.9978518190264641,
        0.9999999999999998,
        0.4806014540236669,
        0.6414410648292687,
        0.5374237106753322,
        0.4497291307994583,
        0.578500327716019,
        0.5790227912152907,
        0.4670107504158517,
        0.5728724049976048,
        0.5676141364761986,
        0.44707925496748185,
        0.34258469149393883,
        0.329568457028274,
        0.42663085927928923,
        0.51803488450773,
        0.5063425257790806,
        0.4095057598032082,
        0.3156605177148656,
        0.07006430844565403
      ],
      [
        0.9006662526292559,
        0.762390488346878,
        0.8176319467305001,
        0.8720411943973331,
        0.7100743765524534,
        0.7239885140159841,
        0.9367434894529847,
        0.703067400690021,
        0.679507540049233,
        0.9310246816289235,
        0.4857363247475922,
        0.4806014540236669,
        0.9999999999999983,
        0.7508522492885066,
        0.6858086961007522,
        0.9392597330814825,
        0.4605136659005058,
        0.45647784158584803,
        0.9296863137387648,
        0.5600686007765646,
        0.5534255825976093,
        0.9177553232050721,
        0.25429672956422855,
        0.2454671235317447,
        0.8079409102136359,
        0.5469271823048174,
        0.5133879567139056,
        0.5866054298852533,
        0.26718284096578704,
        0.05823295395075709
      ],
      [
        0.6813652050042605,
        0.8425431633719025,
        0.8463445295302073,
        0.6267277320079885,
        0.758650995942304,
        0.6779313412612974,
        0.7509828734619948,
        0.8706889633182615,
        0.8586567361435463,
        0.72350956963737,
        0.6434252935906406,
        0.6414410648292687,
        0.7508522492885066,
        0.9999999999999997,
        0.8295696929394787,
        0.6578211349123098,
        0.6373469415075299,
        0.635264953676004,
        0.7361938441903857,
        0.8483156058178489,
        0.8396401269258809,
        0.6605830665390541,
        0.37679256643519554,
        0.36420041008309634,
        0.7092112498728887,
        0.7821021542902111,
        0.7555987795337591,
        0.5636144002760204,
        0.3991007064985975,
        0.08661655641775584
      ],
      [
        0.5916309880763901,
        0.6667548171076907,
        0.6881343205825305,
        0.5666654646331896,
        0.6494832943166909,
        0.5891350673726634,
        0.6692442638536726,
        0.6763757331308533,
        0.6747246562911045,
        0.6831198585898095,
        0.5430683700841542,
        0.5374237106753322,
        0.6858086961007522,
        0.8295696929394787,
        0.9999999999999993,
        0.6213260059208171,
        0.6321235514349139,
        0.6306409383132523,
        0.6867589529388539,
        0.7459763160288762,
        0.7447209485254432,
        0.6415998444313016,
        0.3373472276611891,
        0.3353770615132339,
        0.5879497012949056,
        0.5993804067283544,
        0.5909468022224524,
        0.47091191348720574,
        0.3747743367866142,
        0.08031014184208199
      ],
      [
        0.8635530602121513,
        0.6744707225133347,
        0.7545839529180042,
        0.9128928656208493,
        0.6964379175581542,
        0.7121564347163769,
        0.9309961179200643,
        0.6214712023793519,
        0.6006264876959746,
        0.9479587836187435,
        0.4601455978595944,
        0.4497291307994583,
        0.9392597330814825,
        0.6578211349123098,
        0.6213260059208171,
        0.9999999999999999,
        0.44706762791615157,
        0.4418620232750553,
        0.8828917367719983,
        0.4777513436078953,
        0.47149224011804575,
        0.9543773191408552,
        0.22975940819137403,
        0.2220249126391717,
        0.7710607220553539,
        0.4430946751521876,
        0.41744663476995086,
        0.5787330559334943,
        0.24346792050977073,
        0.054116445855299906
      ],
      [
        0.39043087557154615,
        0.5146126967828653,
        0.5240680935074729,
        0.40120216888411636,
        0.5506945854259744,
        0.48393887785170275,
        0.4675204930195789,
        0.5482782268374097,
        0.5372184986787241,
        0.501631425373101,
        0.576407301966205,
        0.578500327716019,
        0.4605136659005058,
        0.6373469415075299,
        0.6321235514349139,
        0.44706762791615157,
        1.0,
        0.9989538754401361,
        0.4563553159909769,
        0.5823479425629183,
        0.5814573981235096,
        0.4388030941343499,
        0.3372693862319339,
        0.3333742844025428,
        0.4215625406431184,
        0.5320758458801391,
        0.5264454571583385,
        0.3813704370385249,
        0.38812600859420826,
        0.08436895820173235
      ],
      [
        0.3861527695606102,
        0.5108217145251882,
        0.5200616115760879,
        0.39634501942419564,
        0.5529424204642616,
        0.4827309412542319,
        0.4627496888102186,
        0.5474864925525361,
        0.5368046457383175,
        0.49618228698956635,
        0.5756354008490627,
        0.5790227912152907,
        0.45647784158584803,
        0.635264953676004,
        0.6306409383132523,
        0.4418620232750553,
        0.9989538754401361,
        1.0000000000000016,
        0.4540975922509215,
        0.5810876896608745,
        0.5801637914695268,
        0.43420028241199726,
        0.3394605721862487,
        0.33537937059342304,
        0.41574426191942104,
        0.5315219291306057,
        0.5274541168646769,
        0.37636792847175415,
        0.3912170473546668,
        0.084986857850723
      ],
      [
        0.9109819368703209,
        0.7517399319342464,
        0.7969464995852098,
        0.8863080319898575,
        0.7244638373269949,
        0.7221313678161625,
        0.8845515716376631,
        0.69615277162357,
        0.6738379209973893,
        0.8773375984075699,
        0.47139336499632734,
        0.4670107504158517,
        0.9296863137387648,
        0.7361938441903857,
        0.6867589529388539,
        0.8828917367719983,
        0.4563553159909769,
        0.4540975922509215,
        1.0000000000000004,
        0.6027964706315928,
        0.5956895964328913,
        0.9127915663768068,
        0.26001307973971627,
        0.2514594917899271,
        0.815842944466772,
        0.5322891269398051,
        0.5122861823807997,
        0.5951302726197121,
        0.27590378642180313,
        0.05820616265388691
      ],
      [
        0.5234121999797383,
        0.7612852725366945,
        0.7533706131563916,
        0.4860050028292908,
        0.692443331547651,
        0.5890150947332555,
        0.5741040220770809,
        0.7849832796286924,
        0.7697019354197372,
        0.5384849830085021,
        0.5718841391566188,
        0.5728724049976048,
        0.5600686007765646,
        0.8483156058178489,
        0.7459763160288762,
        0.4777513436078953,
        0.5823479425629183,
        0.5810876896608745,
        0.6027964706315928,
        1.000000000000001,
        0.9956473140336615,
        0.5047502925677992,
        0.39534990497096834,
        0.3827752633795768,
        0.5787767872568732,
        0.7300140372630797,
        0.7416543815002352,
        0.4535805568979887,
        0.4261169045081576,
        0.0899252284982878
      ],
      [
        0.5140554648573098,
        0.7557990861585323,
        0.7459478116507334,
        0.4794134865678099,
        0.6853619134226904,
        0.578587317387087,
        0.5685966113393877,
        0.7744911920037076,
        0.7589040506146965,
        0.5334501322474723,
        0.5669500807150685,
        0.5676141364761986,
        0.5534255825976093,
        0.8396401269258809,
        0.7447209485254432,
        0.47149224011804575,
        0.5814573981235096,
        0.5801637914695268,
        0.5956895964328913,
        0.9956473140336615,
        1.000000000000003,
        0.49845440157293375,
        0.39234748509328266,
        0.3814717631405552,
        0.5726633513273647,
        0.724885478128386,
        0.7396420875871248,
        0.44811615257192106,
        0.4277636733165431,
        0.09028986049870391
      ],
      [
        0.8634153137424392,
        0.6829590341599817,
        0.7540107118310969,
        0.9499479267214922,
        0.7217611993370651,
        0.7154854074900127,
        0.8997629585592629,
        0.6169404057178511,
        0.5976483469697849,
        0.9350569564998519,
        0.45658067236604993,
        0.44707925496748185,
        0.9177553232050721,
        0.6605830665390541,
        0.6415998444313016,
        0.9543773191408552,
        0.4388030941343499,
        0.43420028241199726,
        0.9127915663768068,
        0.5047502925677992,
        0.49845440157293375,
        0.9999999999999988,
        0.23603712375605757,
        0.22907813750959982,
        0.7795878347906368,
        0.4362033836395692,
        0.4148627621502243,
        0.6347826457144703,
        0.25205354400806756,
        0.05478925225203185
      ],
      [
        0.23212322246122552,
        0.33184457238415255,
        0.3275627055412975,
        0.22230317330603275,
        0.36893684250308884,
        0.2845911249954436,
        0.2517474664943649,
        0.35591513806226016,
        0.35364030317203465,
        0.2719314217190902,
        0.33828406184635085,
        0.34258469149393883,
        0.25429672956422855,
        0.37679256643519554,
        0.3373472276611891,
        0.22975940819137403,
        0.3372693862319339,
        0.3394605721862487,
        0.26001307973971627,
        0.39534990497096834,
        0.39234748509328266,
        0.23603712375605757,
        1.0000000000000004,
        0.9938368922713007,
        0.23139984943501699,
        0.29730224743464706,
        0.29817685480802286,
        0.21502002587952157,
        0.2087741042372438,
        0.04501790847012488
      ],
      [
        0.2237611724767955,
        0.31721201070197924,
        0.3115226966187069,
        0.21587132253567484,
        0.35829648892668675,
        0.27795606562508296,
        0.2428407767540186,
        0.33643878310561265,
        0.33270292475352514,
        0.26662357047395047,
        0.32744146911690764,
        0.329568457028274,
        0.2454671235317447,
        0.36420041008309634,
        0.3353770615132339,
        0.2220249126391717,
        0.3333742844025428,
        0.33537937059342304,
        0.2514594917899271,
        0.3827752633795768,
        0.3814717631405552,
        0.22907813750959982,
        0.9938368922713007,
        1.0000000000000007,
        0.22663425442544158,
        0.2891238764762301,
        0.291229735998073,
        0.21776301820674787,
        0.20865408523349166,
        0.04529846799406152
      ],
      [
        0.7864905825374939,
        0.7057287569385053,
        0.7433408277391684,
        0.7930766301004027,
        0.6616376175719996,
        0.6489977808031108,
        0.8223027062554156,
        0.6765061176928868,
        0.6547609323084086,
        0.7855402918682943,
        0.43665935544996515,
        0.42663085927928923,
        0.8079409102136359,
        0.7092112498728887,
        0.5879497012949056,
        0.7710607220553539,
        0.4215625406431184,
        0.41574426191942104,
        0.815842944466772,
        0.5787767872568732,
        0.5726633513273647,
        0.7795878347906368,
        0.23139984943501699,
        0.22663425442544158,
        1.0000000000000009,
        0.633455698507746,
        0.6031543343412811,
        0.6397179668697035,
        0.33301969212786214,
        0.07186320194483276
      ],
      [
        0.4996722676866326,
        0.7654568951140144,
        0.7374075485087198,
        0.4417798717417553,
        0.6218826242216359,
        0.5619874732803519,
        0.5978041145205423,
        0.7920957748760109,
        0.7566887871606172,
        0.5442485169414905,
        0.5146167186447298,
        0.51803488450773,
        0.5469271823048174,
        0.7821021542902111,
        0.5993804067283544,
        0.4430946751521876,
        0.5320758458801391,
        0.5315219291306057,
        0.5322891269398051,
        0.7300140372630797,
        0.724885478128386,
        0.4362033836395692,
        0.29730224743464706,
        0.2891238764762301,
        0.633455698507746,
        0.9999999999999996,
        0.9720522077591973,
        0.5632660587113366,
        0.5375785496730634,
        0.12354071513101916
      ],
      [
        0.4770826854209084,
        0.72836334384733,
        0.7116426923722535,
        0.4163679986242644,
        0.6016140693344326,
        0.5431156187043793,
        0.5734934314287584,
        0.7727244104962435,
        0.7383008406571889,
        0.5127942037576474,
        0.5020259918942818,
        0.5063425257790806,
        0.5133879567139056,
        0.7555987795337591,
        0.5909468022224524,
        0.41744663476995086,
        0.5264454571583385,
        0.5274541168646769,
        0.5122861823807997,
        0.7416543815002352,
        0.7396420875871248,
        0.4148627621502243,
        0.29817685480802286,
        0.291229735998073,
        0.6031543343412811,
        0.9720522077591973,
        0.9999999999999991,
        0.5276382306065863,
        0.5571514462015904,
        0.13249603676323154
      ],
      [
        0.5828262932644019,
        0.5643095780015431,
        0.5789284398290335,
        0.6500480266048192,
        0.6486400092431776,
        0.6615234917987209,
        0.5569243801577959,
        0.5088113613191965,
        0.4965479285593027,
        0.6649610294839323,
        0.4213852926285224,
        0.4095057598032082,
        0.5866054298852533,
        0.5636144002760204,
        0.47091191348720574,
        0.5787330559334943,
        0.3813704370385249,
        0.37636792847175415,
        0.5951302726197121,
        0.4535805568979887,
        0.44811615257192106,
        0.6347826457144703,
        0.21502002587952157,
        0.21776301820674787,
        0.6397179668697035,
        0.5632660587113366,
        0.5276382306065863,
        0.9999999999999997,
        0.36951709246382936,
        0.082056940384406
      ],
      [
        0.2364803655451319,
        0.3104661040593064,
        0.31281542191087164,
        0.24604764747225963,
        0.37164462939165593,
        0.35211164267930267,
        0.27483999380754726,
        0.3699809278218146,
        0.35934425241392787,
        0.2995539338627411,
        0.3128900434511409,
        0.3156605177148656,
        0.26718284096578704,
        0.3991007064985975,
        0.3747743367866142,
        0.24346792050977073,
        0.38812600859420826,
        0.3912170473546668,
        0.27590378642180313,
        0.4261169045081576,
        0.4277636733165431,
        0.25205354400806756,
        0.2087741042372438,
        0.20865408523349166,
        0.33301969212786214,
        0.5375785496730634,
        0.5571514462015904,
        0.36951709246382936,
        1.0000000000000002,
        0.2846693463133173
      ],
      [
        0.04991628887981092,
        0.07005781716394019,
        0.0708625105318631,
        0.05353930506923775,
        0.0823106466701497,
        0.07602251246610255,
        0.06294497585297684,
        0.08092874160940941,
        0.07904417845688207,
        0.0671381234685104,
        0.06955617998131941,
        0.07006430844565403,
        0.05823295395075709,
        0.08661655641775584,
        0.08031014184208199,
        0.054116445855299906,
        0.08436895820173235,
        0.084986857850723,
        0.05820616265388691,
        0.0899252284982878,
        0.09028986049870391,
        0.05478925225203185,
        0.04501790847012488,
        0.04529846799406152,
        0.07186320194483276,
        0.12354071513101916,
        0.13249603676323154,
        0.082056940384406,
        0.2846693463133173,
        0.9999999999999987
      ]
    ],
    "distance_matrix": [
      [
        -1.1102230246251565e-15,
        0.24823256885582523,
        0.20826920011010785,
        0.1656028179832697,
        0.30021222618145926,
        0.26986094490496204,
        0.12265485125663544,
        0.3344217362132539,
        0.36122071835513103,
        0.12610008493910785,
        0.5486364539422215,
        0.5518882801465826,
        0.09933374737074407,
        0.31863479499573955,
        0.40836901192360986,
        0.13644693978784872,
        0.6095691244284538,
        0.6138472304393898,
        0.08901806312967908,
        0.4765878000202617,
        0.4859445351426902,
        0.13658468625756082,
        0.7678767775387745,
        0.7762388275232045,
        0.21350941746250607,
        0.5003277323133675,
        0.5229173145790915,
        0.41717370673559806,
        0.763519634454868,
        0.9500837111201891
      ],
      [
        0.24823256885582523,
        -2.220446049250313e-16,
        0.020650024659588206,
        0.3182317031579798,
        0.18273956940816727,
        0.2835822847182058,
        0.2028940004272135,
        0.1538442443101633,
        0.1893778727213039,
        0.2431936805707492,
        0.42606947914632576,
        0.42206439492105474,
        0.23760951165312205,
        0.1574568366280975,
        0.3332451828923093,
        0.32552927748666527,
        0.48538730321713475,
        0.4891782854748118,
        0.24826006806575363,
        0.23871472746330546,
        0.2442009138414677,
        0.3170409658400183,
        0.6681554276158475,
        0.6827879892980208,
        0.29427124306149466,
        0.23454310488598562,
        0.27163665615266996,
        0.43569042199845687,
        0.6895338959406936,
        0.9299421828360598
      ],
      [
        0.20826920011010785,
        0.020650024659588206,
        -1.9984014443252818e-15,
        0.2547889842890152,
        0.16690570325584853,
        0.24388631092485302,
        0.14307379712292345,
        0.15613654286895873,
        0.18580686825568793,
        0.18112555017255305,
        0.4215282114413974,
        0.4203387156333871,
        0.1823680532694999,
        0.15365547046979267,
        0.31186567941746945,
        0.24541604708199583,
        0.47593190649252715,
        0.4799383884239121,
        0.2030535004147902,
        0.24662938684360836,
        0.25405218834926657,
        0.2459892881689031,
        0.6724372944587025,
        0.6884773033812931,
        0.25665917226083157,
        0.2625924514912802,
        0.2883573076277465,
        0.4210715601709665,
        0.6871845780891284,
        0.9291374894681369
      ],
      [
        0.1656028179832697,
        0.3182317031579798,
        0.2547889842890152,
        1.4432899320127035e-15,
        0.27671085719399435,
        0.29202528042674336,
        0.13722656663553234,
        0.4145894467946306,
        0.44291098390355976,
        0.09881434055032912,
        0.5672476800539747,
        0.5758523259014023,
        0.12795880560266693,
        0.3732722679920115,
        0.43333453536681044,
        0.08710713437915074,
        0.5987978311158837,
        0.6036549805758044,
        0.11369196801014247,
        0.5139949971707092,
        0.5205865134321901,
        0.0500520732785078,
        0.7776968266939672,
        0.7841286774643251,
        0.20692336989959725,
        0.5582201282582446,
        0.5836320013757357,
        0.3499519733951808,
        0.7539523525277404,
        0.9464606949307622
      ],
      [
        0.30021222618145926,
        0.18273956940816727,
        0.16690570325584853,
        0.27671085719399435,
        -8.881784197001252e-16,
        0.1462775983249105,
        0.2743054445718829,
        0.28806303913872244,
        0.3056013831074117,
        0.22117260559785834,
        0.36717977829755966,
        0.36617519236654006,
        0.2899256234475466,
        0.241349004057696,
        0.35051670568330906,
        0.3035620824418458,
        0.4493054145740256,
        0.44705757953573844,
        0.27553616267300507,
        0.30755666845234897,
        0.31463808657730963,
        0.27823880066293494,
        0.6310631574969112,
        0.6417035110733132,
        0.33836238242800043,
        0.37811737577836413,
        0.3983859306655674,
        0.35135999075682245,
        0.628355370608344,
        0.9176893533298502
      ],
      [
        0.26986094490496204,
        0.2835822847182058,
        0.24388631092485302,
        0.29202528042674336,
        0.1462775983249105,
        4.440892098500626e-16,
        0.2809493571045313,
        0.3788305742665016,
        0.3893314330978682,
        0.22567234067802777,
        0.4746345191813164,
        0.47642683903006455,
        0.2760114859840159,
        0.3220686587387026,
        0.4108649326273366,
        0.2878435652836231,
        0.5160611221482972,
        0.5172690587457681,
        0.2778686321838375,
        0.41098490526674447,
        0.421412682612913,
        0.28451459250998734,
        0.7154088750045564,
        0.722043934374917,
        0.35100221919688923,
        0.4380125267196481,
        0.4568843812956207,
        0.33847650820127906,
        0.6478883573206973,
        0.9239774875338974
      ],
      [
        0.12265485125663544,
        0.2028940004272135,
        0.14307379712292345,
        0.13722656663553234,
        0.2743054445718829,
        0.2809493571045313,
        3.3306690738754696e-16,
        0.24136883289192335,
        0.2623681795678755,
        0.06268284588185591,
        0.4763478639755021,
        0.4825259928239709,
        0.06325651054701531,
        0.24901712653800523,
        0.33075573614632736,
        0.06900388207993569,
        0.5324795069804211,
        0.5372503111897814,
        0.11544842836233693,
        0.4258959779229191,
        0.43140338866061234,
        0.10023704144073708,
        0.7482525335056351,
        0.7571592232459814,
        0.17769729374458443,
        0.4021958854794577,
        0.4265065685712416,
        0.4430756198422041,
        0.7251600061924528,
        0.9370550241470231
      ],
      [
        0.3344217362132539,
        0.1538442443101633,
        0.15613654286895873,
        0.4145894467946306,
        0.28806303913872244,
        0.3788305742665016,
        0.24136883289192335,
        -8.881784197001252e-16,
        0.015584886678672527,
        0.31030201530401746,
        0.30337019771605367,
        0.29886585699354495,
        0.29693259930997895,
        0.1293110366817385,
        0.3236242668691467,
        0.37852879762064806,
        0.4517217731625903,
        0.4525135074474639,
        0.30384722837642997,
        0.2150167203713076,
        0.22550880799629236,
        0.38305959428214886,
        0.6440848619377398,
        0.6635612168943874,
        0.3234938823071132,
        0.2079042251239891,
        0.22727558950375648,
        0.49118863868080354,
        0.6300190721781854,
        0.9190712583905906
      ],
      [
        0.36122071835513103,
        0.1893778727213039,
        0.18580686825568793,
        0.44291098390355976,
        0.3056013831074117,
        0.3893314330978682,
        0.2623681795678755,
        0.015584886678672527,
        -2.220446049250313e-16,
        0.33108967424687874,
        0.2826649122553391,
        0.27828822778055406,
        0.32049245995076703,
        0.14134326385645368,
        0.32527534370889555,
        0.3993735123040254,
        0.46278150132127593,
        0.46319535426168246,
        0.32616207900261074,
        0.2302980645802628,
        0.24109594938530354,
        0.40235165303021514,
        0.6463596968279653,
        0.6672970752464749,
        0.3452390676915914,
        0.24331121283938284,
        0.26169915934281107,
        0.5034520714406974,
        0.6406557475860721,
        0.920955821543118
      ],
      [
        0.12610008493910785,
        0.2431936805707492,
        0.18112555017255305,
        0.09881434055032912,
        0.22117260559785834,
        0.22567234067802777,
        0.06268284588185591,
        0.31030201530401746,
        0.33108967424687874,
        1.1102230246251565e-16,
        0.44361935364332594,
        0.45287928478053074,
        0.06897531837107651,
        0.27649043036263,
        0.3168801414101905,
        0.05204121638125647,
        0.498368574626899,
        0.5038177130104337,
        0.12266240159243014,
        0.4615150169914979,
        0.4665498677525277,
        0.06494304350014812,
        0.7280685782809098,
        0.7333764295260495,
        0.21445970813170567,
        0.45575148305850954,
        0.4872057962423526,
        0.3350389705160677,
        0.7004460661372589,
        0.9328618765314896
      ],
      [
        0.5486364539422215,
        0.42606947914632576,
        0.4215282114413974,
        0.5672476800539747,
        0.36717977829755966,
        0.4746345191813164,
        0.4763478639755021,
        0.30337019771605367,
        0.2826649122553391,
        0.44361935364332594,
        4.440892098500626e-16,
        0.0021481809735358626,
        0.5142636752524078,
        0.3565747064093594,
        0.4569316299158458,
        0.5398544021404056,
        0.42359269803379496,
        0.42436459915093727,
        0.5286066350036727,
        0.42811586084338116,
        0.43304991928493153,
        0.5434193276339501,
        0.6617159381536492,
        0.6725585308830924,
        0.5633406445500349,
        0.4853832813552702,
        0.49797400810571824,
        0.5786147073714776,
        0.6871099565488591,
        0.9304438200186806
      ],
      [
        0.5518882801465826,
        0.42206439492105474,
        0.4203387156333871,
        0.5758523259014023,
        0.36617519236654006,
        0.47642683903006455,
        0.4825259928239709,
        0.29886585699354495,
        0.27828822778055406,
        0.45287928478053074,
        0.0021481809735358626,
        2.220446049250313e-16,
        0.5193985459763331,
        0.35855893517073134,
        0.46257628932466777,
        0.5502708692005417,
        0.421499672283981,
        0.42097720878470934,
        0.5329892495841483,
        0.42712759500239517,
        0.4323858635238014,
        0.5529207450325182,
        0.6574153085060612,
        0.670431542971726,
        0.5733691407207108,
        0.48196511549226995,
        0.49365747422091943,
        0.5904942401967919,
        0.6843394822851344,
        0.929935691554346
      ],
      [
        0.09933374737074407,
        0.23760951165312205,
        0.1823680532694999,
        0.12795880560266693,
        0.2899256234475466,
        0.2760114859840159,
        0.06325651054701531,
        0.29693259930997895,
        0.32049245995076703,
        0.06897531837107651,
        0.5142636752524078,
        0.5193985459763331,
        1.6653345369377348e-15,
        0.24914775071149342,
        0.31419130389924776,
        0.06074026691851753,
        0.5394863340994942,
        0.543522158414152,
        0.07031368626123524,
        0.4399313992234354,
        0.4465744174023907,
        0.08224467679492786,
        0.7457032704357714,
        0.7545328764682553,
        0.1920590897863641,
        0.4530728176951826,
        0.4866120432860944,
        0.4133945701147467,
        0.732817159034213,
        0.9417670460492429
      ],
      [
        0.31863479499573955,
        0.1574568366280975,
        0.15365547046979267,
        0.3732722679920115,
        0.241349004057696,
        0.3220686587387026,
        0.24901712653800523,
        0.1293110366817385,
        0.14134326385645368,
        0.27649043036263,
        0.3565747064093594,
        0.35855893517073134,
        0.24914775071149342,
        3.3306690738754696e-16,
        0.1704303070605213,
        0.34217886508769024,
        0.3626530584924701,
        0.364735046323996,
        0.2638061558096143,
        0.15168439418215107,
        0.16035987307411914,
        0.3394169334609459,
        0.6232074335648045,
        0.6357995899169037,
        0.29078875012711125,
        0.21789784570978887,
        0.2444012204662409,
        0.4363855997239796,
        0.6008992935014025,
        0.9133834435822441
      ],
      [
        0.40836901192360986,
        0.3332451828923093,
        0.31186567941746945,
        0.43333453536681044,
        0.35051670568330906,
        0.4108649326273366,
        0.33075573614632736,
        0.3236242668691467,
        0.32527534370889555,
        0.3168801414101905,
        0.4569316299158458,
        0.46257628932466777,
        0.31419130389924776,
        0.1704303070605213,
        6.661338147750939e-16,
        0.3786739940791829,
        0.36787644856508606,
        0.3693590616867477,
        0.3132410470611461,
        0.25402368397112385,
        0.25527905147455676,
        0.3584001555686984,
        0.6626527723388109,
        0.6646229384867661,
        0.41205029870509435,
        0.40061959327164565,
        0.40905319777754756,
        0.5290880865127943,
        0.6252256632133858,
        0.919689858157918
      ],
      [
        0.13644693978784872,
        0.32552927748666527,
        0.24541604708199583,
        0.08710713437915074,
        0.3035620824418458,
        0.2878435652836231,
        0.06900388207993569,
        0.37852879762064806,
        0.3993735123040254,
        0.05204121638125647,
        0.5398544021404056,
        0.5502708692005417,
        0.06074026691851753,
        0.34217886508769024,
        0.3786739940791829,
        1.1102230246251565e-16,
        0.5529323720838484,
        0.5581379767249447,
        0.11710826322800172,
        0.5222486563921047,
        0.5285077598819543,
        0.04562268085914478,
        0.7702405918086259,
        0.7779750873608283,
        0.22893927794464608,
        0.5569053248478124,
        0.5825533652300492,
        0.42126694406650567,
        0.7565320794902293,
        0.9458835541447
      ],
      [
        0.6095691244284538,
        0.48538730321713475,
        0.47593190649252715,
        0.5987978311158837,
        0.4493054145740256,
