{
  "n": 4,
  "similarity_matrix": [
    [
      1.0000000000000007,
      0.3262778786855493,
      0.35425042467318096,
      0.4662083516634288,
      0.18612134144661044,
      0.20157242109261667,
      0.6395537301640316,
      0.32824791098771267,
      0.296746552394095,
      0.44688870055489427,
      0.08962099240723517,
      0.0894017358282173,
      0.6057529840435412,
      0.242511842687813,
      0.21268603402211042,
      0.5506705938321415,
      0.08358004062173081,
      0.08332167820876907,
      0.6367999431808199,
      0.21645220992193126,
      0.217309944695817,
      0.5135734076927266,
      0.032116153672108474,
      0.032131392654542346,
      0.3738479586999948,
      0.2631753975201588,
      0.2514481268044545,
      0.19195751178667694,
      0.06042613068077896,
      0.011611970753243892
    ],
    [
      0.3262778786855493,
      1.000000000000001,
      0.8894088106306022,
      0.21257066158635626,
      0.350430944609317,
      0.21659505044883468,
      0.4905907331360552,
      0.6300701263622597,
      0.5703447191506129,
      0.25781867362444677,
      0.1444801814672218,
      0.14412671260380597,
      0.36607994791965937,
      0.551758770993163,
      0.3358734027794073,
      0.22401412739127738,
      0.1558634301275638,
      0.1562695204841251,
      0.35401416084965664,
      0.5282761930132299,
      0.5257681493109015,
      0.21689699607503996,
      0.08143510943751413,
      0.07938467954662631,
      0.3568457502967806,
      0.6256026585105297,
      0.5972442711384837,
      0.1871482880414499,
      0.12265592266659586,
      0.025439971987553486
    ],
    [
      0.35425042467318096,
      0.8894088106306022,
      0.9999999999999984,
      0.2532947996654605,
      0.3567530340063379,
      0.2546274332631791,
      0.5388123222509713,
      0.6086644751977228,
      0.5554292543114321,
      0.307621215169104,
      0.1511401079647536,
      0.14842676517598982,
      0.41344366402383026,
      0.5411656135506441,
      0.3402525250970514,
      0.28173432008351484,
      0.16523492396467243,
      0.165551909728768,
      0.39094831570835864,
      0.5158935768010097,
      0.5133342240770614,
      0.27350538350313086,
      0.07786632107593615,
      0.07595568661597545,
      0.36682453771990825,
      0.5967710791891367,
      0.5738797807428704,
      0.1907856118584443,
      0.11624395012963469,
      0.02411225350494017
    ],
    [
      0.4662083516634288,
      0.21257066158635626,
      0.2532947996654605,
      0.9999999999999989,
      0.29098980448290174,
      0.19953870440862823,
      0.5596944785824984,
      0.18094451930961195,
      0.14437817452736054,
      0.6444845811715522,
      0.14660214523798307,
      0.1467566200532665,
      0.5747478182246026,
      0.14811259726448264,
      0.1837879716883938,
      0.7470804183651507,
      0.12762556338451136,
      0.12723104756151893,
      0.5307440077879452,
      0.09605159710083527,
      0.09666589153666177,
      0.7669879771086228,
      0.05306532249159665,
      0.052770679468408604,
      0.2711989984743271,
      0.1231398719260255,
      0.11751082196027615,
      0.3265761038290762,
      0.1045745786806424,
      0.02163713556951514
    ],
    [
      0.18612134144661044,
      0.350430944609317,
      0.3567530340063379,
      0.29098980448290174,
      1.0000000000000009,
      0.5809477924050818,
      0.24668609442789474,
      0.2093146739345738,
      0.18491930879352805,
      0.3648561390495272,
      0.29194859181301847,
      0.2942999680911598,
      0.23129552743257134,
      0.2875826443580774,
      0.18756321604887313,
      0.27091492151859664,
      0.2671917111772843,
      0.27286249489552,
      0.20813627223977066,
      0.23259706206114406,
      0.23342981187098227,
      0.26756368961535965,
      0.1324134539859174,
      0.1318393784138811,
      0.16648931119203647,
      0.23160139622564732,
      0.23532981431922956,
      0.25513212053611933,
      0.22478149026401625,
      0.04705312412137699
    ],
    [
      0.20157242109261667,
      0.21659505044883468,
      0.2546274332631791,
      0.19953870440862823,
      0.5809477924050818,
      1.0000000000000018,
      0.2640459331044832,
      0.163283838383404,
      0.15407321029268753,
      0.2913221697841362,
      0.17407022911769124,
      0.17318131694235817,
      0.23851774144093257,
      0.23139264578776939,
      0.15068898044859177,
      0.22837882637800047,
      0.18308911377724074,
      0.18546707092644335,
      0.19341885967062397,
      0.1497773341681251,
      0.14973516352150795,
      0.20299645614532597,
      0.0750021711834043,
      0.0753263661711759,
      0.1778733774103082,
      0.22594620207217322,
      0.22995504088134835,
      0.23458398102494388,
      0.1632712959164005,
      0.034676918318085295
    ],
    [
      0.6395537301640316,
      0.4905907331360552,
      0.5388123222509713,
      0.5596944785824984,
      0.24668609442789474,
      0.2640459331044832,
      1.000000000000001,
      0.5112961335646156,
      0.45758796118383926,
      0.6153364345167581,
      0.12671127778804545,
      0.1264012803137423,
      0.7717612777067364,
      0.3667923006877726,
      0.31206496228347763,
      0.6846298634845142,
      0.1260193629670144,
      0.126148943682226,
      0.7332138196007121,
      0.35509130519396914,
      0.3568215956745054,
      0.6399372796832253,
      0.04761320511850616,
      0.04763579738792387,
      0.48087643218723103,
      0.4101908186749476,
      0.39205621746859926,
      0.23574492605918645,
      0.07250647162104125,
      0.015039425428079877
    ],
    [
      0.32824791098771267,
      0.6300701263622597,
      0.6086644751977228,
      0.18094451930961195,
      0.2093146739345738,
      0.163283838383404,
      0.5112961335646156,
      0.9999999999999968,
      0.9079470159995686,
      0.23184615833183855,
      0.21435012621236804,
      0.21620156279765212,
      0.36443654169019785,
      0.5200413926969488,
      0.31507850023406486,
      0.20585217985959567,
      0.1262634314345091,
      0.12587312623040076,
      0.36230481514076,
      0.5099499424168227,
      0.5145269938717164,
      0.18780919386718167,
      0.06512401461113174,
      0.06416771999518556,
      0.34722236711113297,
      0.593371963147408,
      0.5746474445559826,
      0.1438006652375083,
      0.1018326911460151,
      0.02150552987284063
    ],
    [
      0.296746552394095,
      0.5703447191506129,
      0.5554292543114321,
      0.14437817452736054,
      0.18491930879352805,
      0.15407321029268753,
      0.45758796118383926,
      0.9079470159995686,
      0.9999999999999993,
      0.20878912719961276,
      0.23092474699526885,
      0.2282202280018935,
      0.32641300201640755,
      0.47475644583864246,
      0.28869717539638917,
      0.16583873511155503,
      0.12204505279464498,
      0.1216677874320595,
      0.3183296540535742,
      0.4603035628055148,
      0.4591258633790253,
      0.15152486339012552,
      0.06175754291720839,
      0.06000880786500843,
      0.3193040114807436,
      0.5429186861573067,
      0.5248393383204966,
      0.1430972039384517,
      0.09458927996714288,
      0.020088555878984577
    ],
    [
      0.44688870055489427,
      0.25781867362444677,
      0.307621215169104,
      0.6444845811715522,
      0.3648561390495272,
      0.2913221697841362,
      0.6153364345167581,
      0.23184615833183855,
      0.20878912719961276,
      0.9999999999999996,
      0.22919031420361463,
      0.22862960311476654,
      0.6022754534410328,
      0.21002127834611872,
      0.20665671747075526,
      0.6860722475744876,
      0.20871950719509996,
      0.2103036816251398,
      0.5217188792715826,
      0.17538572532615454,
      0.1758083260835558,
      0.6888759024281108,
      0.08301173965129514,
      0.08217690597533195,
      0.355328317668408,
      0.20476395146279913,
      0.1966969156340616,
      0.42596674743615026,
      0.173552232156163,
      0.036196316626040365
    ],
    [
      0.08962099240723517,
      0.1444801814672218,
      0.1511401079647536,
      0.14660214523798307,
      0.29194859181301847,
      0.17407022911769124,
      0.12671127778804545,
      0.21435012621236804,
      0.23092474699526885,
      0.22919031420361463,
      0.999999999999998,
      0.9914297960693059,
      0.11771388726219739,
      0.15134777214313216,
      0.09174243873211439,
      0.1328724400712158,
      0.14775123589195302,
      0.14729450764033739,
      0.09939290062811046,
      0.13113362452610147,
      0.1298939810732928,
      0.14155819034655265,
      0.09308420554442663,
      0.09122000530416963,
      0.08679254307653181,
      0.11103209928885294,
      0.11344981816474428,
      0.1495554058672605,
      0.13420797511320515,
      0.028300477983256633
    ],
    [
      0.0894017358282173,
      0.14412671260380597,
      0.14842676517598982,
      0.1467566200532665,
      0.2942999680911598,
      0.17318131694235817,
      0.1264012803137423,
      0.21620156279765212,
      0.2282202280018935,
      0.22862960311476654,
      0.9914297960693059,
      0.9999999999999988,
      0.11742590178546082,
      0.14987547624881345,
      0.09091191264493609,
      0.13345212959507755,
      0.14738976443691573,
      0.14822872760517955,
      0.09914973720417343,
      0.1289832580786953,
      0.1295761971572687,
      0.14258285912603463,
      0.09513983223363212,
      0.09137757666389963,
      0.08658020626159509,
      0.11076046071849853,
      0.11317226467696354,
      0.1491895205341113,
      0.13387963706751016,
      0.028231241236145163
    ],
    [
      0.6057529840435412,
      0.36607994791965937,
      0.41344366402383026,
      0.5747478182246026,
      0.23129552743257134,
      0.23851774144093257,
      0.7717612777067364,
      0.36443654169019785,
      0.32641300201640755,
      0.6022754534410328,
      0.11771388726219739,
      0.11742590178546082,
      0.9999999999999993,
      0.31546465968881987,
      0.30311303376030796,
      0.7114852488579059,
      0.13183535637254054,
      0.13196646588423294,
      0.7247696669279955,
      0.2671910768583849,
      0.26692733970717614,
      0.6415469007378845,
      0.04813561934817881,
      0.04815845950099345,
      0.47941921411724897,
      0.33207985353660563,
      0.31065026449768857,
      0.26029495202869396,
      0.09578593879835592,
      0.019462824702320924
    ],
    [
      0.242511842687813,
      0.551758770993163,
      0.5411656135506441,
      0.14811259726448264,
      0.2875826443580774,
      0.23139264578776939,
      0.3667923006877726,
      0.5200413926969488,
      0.47475644583864246,
      0.21002127834611872,
      0.15134777214313216,
      0.14987547624881345,
      0.31546465968881987,
      1.0000000000000029,
      0.47561893905817915,
      0.169748980532334,
      0.17921454152730512,
      0.17982827002294913,
      0.2946056181347961,
      0.462075145304847,
      0.46097635336125176,
      0.14097729803933462,
      0.08856302254895754,
      0.08791818452125011,
      0.3145737359062962,
      0.5729949565985696,
      0.5557812979797897,
      0.18109437476028292,
      0.15774617924171278,
      0.032713907793731546
    ],
    [
      0.21268603402211042,
      0.3358734027794073,
      0.3402525250970514,
      0.1837879716883938,
      0.18756321604887313,
      0.15068898044859177,
      0.31206496228347763,
      0.31507850023406486,
      0.28869717539638917,
      0.20665671747075526,
      0.09174243873211439,
      0.09091191264493609,
      0.30311303376030796,
      0.47561893905817915,
      0.999999999999999,
      0.2190289542633348,
      0.10951373829584254,
      0.10981741681724906,
      0.28498834284271624,
      0.26501795398624856,
      0.2652097118010896,
      0.19541964065035708,
      0.05248260555819323,
      0.0521297564794856,
      0.27175136019721496,
      0.3175532856682012,
      0.3072217448766908,
      0.12105617129252796,
      0.08822587122605861,
      0.01809384608695773
    ],
    [
      0.5506705938321415,
      0.22401412739127738,
      0.28173432008351484,
      0.7470804183651507,
      0.27091492151859664,
      0.22837882637800047,
      0.6846298634845142,
      0.20585217985959567,
      0.16583873511155503,
      0.6860722475744876,
      0.1328724400712158,
      0.13345212959507755,
      0.7114852488579059,
      0.169748980532334,
      0.2190289542633348,
      0.9999999999999997,
      0.13799887192510937,
      0.13757229015664713,
      0.6370695364210088,
      0.10771186025986922,
      0.1080356876383806,
      0.82813066481166,
      0.047346058055025175,
      0.04708656806685695,
      0.3247777710580386,
      0.1441437837789093,
      0.13502608364003044,
      0.3006417503499299,
      0.09877821449244527,
      0.02021982796427645
    ],
    [
      0.08358004062173081,
      0.1558634301275638,
      0.16523492396467243,
      0.12762556338451136,
      0.2671917111772843,
      0.18308911377724074,
      0.1260193629670144,
      0.1262634314345091,
      0.12204505279464498,
      0.20871950719509996,
      0.14775123589195302,
      0.14738976443691573,
      0.13183535637254054,
      0.17921454152730512,
      0.10951373829584254,
      0.13799887192510937,
      0.9999999999999987,
      0.9962208047026047,
      0.1074520936587931,
      0.140984828200123,
      0.14061517616181265,
      0.12289193804217488,
      0.09101124128635472,
      0.09064973940826718,
      0.10492641050699332,
      0.15494908754879808,
      0.15286876295634055,
      0.16505710231855786,
      0.136523913959306,
      0.028473634451735556
    ],
    [
      0.08332167820876907,
      0.1562695204841251,
      0.165551909728768,
      0.12723104756151893,
      0.27286249489552,
      0.18546707092644335,
      0.126148943682226,
      0.12587312623040076,
      0.1216677874320595,
      0.2103036816251398,
      0.14729450764033739,
      0.14822872760517955,
      0.13196646588423294,
      0.17982827002294913,
      0.10981741681724906,
      0.13757229015664713,
      0.9962208047026047,
      0.9999999999999978,
      0.10711993801506564,
      0.140549016251076,
      0.14018050688022385,
      0.12251205479002594,
      0.09072990756444609,
      0.09036952316006176,
      0.10460206224872085,
      0.15447010931610597,
      0.15322898162230544,
      0.16454687821583822,
      0.13610189157722616,
      0.028385616823985937
    ],
    [
      0.6367999431808199,
      0.35401416084965664,
      0.39094831570835864,
      0.5307440077879452,
      0.20813627223977066,
      0.19341885967062397,
      0.7332138196007121,
      0.36230481514076,
      0.3183296540535742,
      0.5217188792715826,
      0.09939290062811046,
      0.09914973720417343,
      0.7247696669279955,
      0.2946056181347961,
      0.28498834284271624,
      0.6370695364210088,
      0.1074520936587931,
      0.10711993801506564,
      1.0000000000000002,
      0.26929360098712934,
      0.272515413966783,
      0.5977569272219954,
      0.04360084881384217,
      0.04362153723674484,
      0.4068759277072187,
      0.293531103080844,
      0.27763266636556067,
      0.19547888081312634,
      0.06564048572435488,
      0.013116243551596381
    ],
    [
      0.21645220992193126,
      0.5282761930132299,
      0.5158935768010097,
      0.09605159710083527,
      0.23259706206114406,
      0.1497773341681251,
      0.35509130519396914,
      0.5099499424168227,
      0.4603035628055148,
      0.17538572532615454,
      0.13113362452610147,
      0.1289832580786953,
      0.2671910768583849,
      0.462075145304847,
      0.26501795398624856,
      0.10771186025986922,
      0.140984828200123,
      0.140549016251076,
      0.26929360098712934,
      1.0000000000000029,
      0.9606946227584935,
      0.11154837272115685,
      0.09004142699944248,
      0.08837369271641562,
      0.2823278163310525,
      0.49392814981438793,
      0.48370685928556595,
      0.13039129549905645,
      0.10283073627413788,
      0.02144653423828276
    ],
    [
      0.217309944695817,
      0.5257681493109015,
      0.5133342240770614,
      0.09666589153666177,
      0.23342981187098227,
      0.14973516352150795,
      0.3568215956745054,
      0.5145269938717164,
      0.4591258633790253,
      0.1758083260835558,
      0.1298939810732928,
      0.1295761971572687,
      0.26692733970717614,
      0.46097635336125176,
      0.2652097118010896,
      0.1080356876383806,
      0.14061517616181265,
      0.14018050688022385,
      0.272515413966783,
      0.9606946227584935,
      0.9999999999999983,
      0.11184962728253646,
      0.09088372534368984,
      0.0886677971400238,
      0.2832596494323374,
      0.4940910932503838,
      0.4837973477232672,
      0.13080400286303784,
      0.10332424013318653,
      0.021549460151227655
    ],
    [
      0.5135734076927266,
      0.21689699607503996,
      0.27350538350313086,
      0.7669879771086228,
      0.26756368961535965,
      0.20299645614532597,
      0.6399372796832253,
      0.18780919386718167,
      0.15152486339012552,
      0.6888759024281108,
      0.14155819034655265,
      0.14258285912603463,
      0.6415469007378845,
      0.14097729803933462,
      0.19541964065035708,
      0.82813066481166,
      0.12289193804217488,
      0.12251205479002594,
      0.5977569272219954,
      0.11154837272115685,
      0.11184962728253646,
      0.9999999999999998,
      0.05209965732441677,
      0.05269404373456999,
      0.3002464764338942,
      0.11088649029092078,
      0.10524269239004007,
      0.33731681291044197,
      0.08980756340611284,
      0.017574203935767425
    ],
    [
      0.032116153672108474,
      0.08143510943751413,
      0.07786632107593615,
      0.05306532249159665,
      0.1324134539859174,
      0.0750021711834043,
      0.04761320511850616,
      0.06512401461113174,
      0.06175754291720839,
      0.08301173965129514,
      0.09308420554442663,
      0.09513983223363212,
      0.04813561934817881,
      0.08856302254895754,
      0.05248260555819323,
      0.047346058055025175,
      0.09101124128635472,
      0.09072990756444609,
      0.04360084881384217,
      0.09004142699944248,
      0.09088372534368984,
      0.05209965732441677,
      0.9999999999999976,
      0.9860058035447589,
      0.041839258856111054,
      0.06849370606428623,
      0.06658669736872463,
      0.06702839497605839,
      0.06801560432815129,
      0.013928687542639021
    ],
    [
      0.032131392654542346,
      0.07938467954662631,
      0.07595568661597545,
      0.052770679468408604,
      0.1318393784138811,
      0.0753263661711759,
      0.04763579738792387,
      0.06416771999518556,
      0.06000880786500843,
      0.08217690597533195,
      0.09122000530416963,
      0.09137757666389963,
      0.04815845950099345,
      0.08791818452125011,
      0.0521297564794856,
      0.04708656806685695,
      0.09064973940826718,
      0.09036952316006176,
      0.04362153723674484,
      0.08837369271641562,
      0.0886677971400238,
      0.05269404373456999,
      0.9860058035447589,
      0.9999999999999962,
      0.041606948090087484,
      0.06801860451900654,
      0.06612845209605013,
      0.06706019967297316,
      0.06773996850408542,
      0.013871078690519694
    ],
    [
      0.3738479586999948,
      0.3568457502967806,
      0.36682453771990825,
      0.2711989984743271,
      0.16648931119203647,
      0.1778733774103082,
      0.48087643218723103,
      0.34722236711113297,
      0.3193040114807436,
      0.355328317668408,
      0.08679254307653181,
      0.08658020626159509,
      0.47941921411724897,
      0.3145737359062962,
      0.27175136019721496,
      0.3247777710580386,
      0.10492641050699332,
      0.10460206224872085,
      0.4068759277072187,
      0.2823278163310525,
      0.2832596494323374,
      0.3002464764338942,
      0.041839258856111054,
      0.041606948090087484,
      0.9999999999999983,
      0.38727887816286605,
      0.37372786588370716,
      0.23214355917509366,
      0.10862676382509344,
      0.022655362530498945
    ],
    [
      0.2631753975201588,
      0.6256026585105297,
      0.5967710791891367,
      0.1231398719260255,
      0.23160139622564732,
      0.22594620207217322,
      0.4101908186749476,
      0.593371963147408,
      0.5429186861573067,
      0.20476395146279913,
      0.11103209928885294,
      0.11076046071849853,
      0.33207985353660563,
      0.5729949565985696,
      0.3175532856682012,
      0.1441437837789093,
      0.15494908754879808,
      0.15447010931610597,
      0.293531103080844,
      0.49392814981438793,
      0.4940910932503838,
      0.11088649029092078,
      0.06849370606428623,
      0.06801860451900654,
      0.38727887816286605,
      0.9999999999999993,
      0.9168115842448221,
      0.24252382353559526,
      0.1857329122464721,
      0.03914883068492686
    ],
    [
      0.2514481268044545,
      0.5972442711384837,
      0.5738797807428704,
      0.11751082196027615,
      0.23532981431922956,
      0.22995504088134835,
      0.39205621746859926,
      0.5746474445559826,
      0.5248393383204966,
      0.1966969156340616,
      0.11344981816474428,
      0.11317226467696354,
      0.31065026449768857,
      0.5557812979797897,
      0.3072217448766908,
      0.13502608364003044,
      0.15286876295634055,
      0.15322898162230544,
      0.27763266636556067,
      0.48370685928556595,
      0.4837973477232672,
      0.10524269239004007,
      0.06658669736872463,
      0.06612845209605013,
      0.37372786588370716,
      0.9168115842448221,
      1.0000000000000007,
      0.23403783709009307,
      0.18431871214736728,
      0.03897202160029427
    ],
    [
      0.19195751178667694,
      0.1871482880414499,
      0.1907856118584443,
      0.3265761038290762,
      0.25513212053611933,
      0.23458398102494388,
      0.23574492605918645,
      0.1438006652375083,
      0.1430972039384517,
      0.42596674743615026,
      0.1495554058672605,
      0.1491895205341113,
      0.26029495202869396,
      0.18109437476028292,
      0.12105617129252796,
      0.3006417503499299,
      0.16505710231855786,
      0.16454687821583822,
      0.19547888081312634,
      0.13039129549905645,
      0.13080400286303784,
      0.33731681291044197,
      0.06702839497605839,
      0.06706019967297316,
      0.23214355917509366,
      0.24252382353559526,
      0.23403783709009307,
      0.9999999999999988,
      0.1955538823144332,
      0.040785014135315455
    ],
    [
      0.06042613068077896,
      0.12265592266659586,
      0.11624395012963469,
      0.1045745786806424,
      0.22478149026401625,
      0.1632712959164005,
      0.07250647162104125,
      0.1018326911460151,
      0.09458927996714288,
      0.173552232156163,
      0.13420797511320515,
      0.13387963706751016,
      0.09578593879835592,
      0.15774617924171278,
      0.08822587122605861,
      0.09877821449244527,
      0.136523913959306,
      0.13610189157722616,
      0.06564048572435488,
      0.10283073627413788,
      0.10332424013318653,
      0.08980756340611284,
      0.06801560432815129,
      0.06773996850408542,
      0.10862676382509344,
      0.1857329122464721,
      0.18431871214736728,
      0.1955538823144332,
      0.9999999999999984,
      0.1987292111137365
    ],
    [
      0.011611970753243892,
      0.025439971987553486,
      0.02411225350494017,
      0.02163713556951514,
      0.04705312412137699,
      0.034676918318085295,
      0.015039425428079877,
      0.02150552987284063,
      0.020088555878984577,
      0.036196316626040365,
      0.028300477983256633,
      0.028231241236145163,
      0.019462824702320924,
      0.032713907793731546,
      0.01809384608695773,
      0.02021982796427645,
      0.028473634451735556,
      0.028385616823985937,
      0.013116243551596381,
      0.02144653423828276,
      0.021549460151227655,
      0.017574203935767425,
      0.013928687542639021,
      0.013871078690519694,
      0.022655362530498945,
      0.03914883068492686,
      0.03897202160029427,
      0.040785014135315455,
      0.1987292111137365,
      1.0000000000000007
    ]
  ],
  "distance_matrix": [
    [
      -6.661338147750939e-16,
      0.6737221213144506,
      0.645749575326819,
      0.5337916483365712,
      0.8138786585533896,
      0.7984275789073834,
      0.3604462698359684,
      0.6717520890122873,
      0.703253447605905,
      0.5531112994451057,
      0.9103790075927648,
      0.9105982641717827,
      0.39424701595645884,
      0.757488157312187,
      0.7873139659778896,
      0.44932940616785855,
      0.9164199593782691,
      0.9166783217912309,
      0.3632000568191801,
      0.7835477900780687,
      0.782690055304183,
      0.48642659230727336,
      0.9678838463278915,
      0.9678686073454577,
      0.6261520413000052,
      0.7368246024798413,
      0.7485518731955455,
      0.808042488213323,
      0.939573869319221,
      0.9883880292467561
    ],
    [
      0.6737221213144506,
      -1.1102230246251565e-15,
      0.11059118936939782,
      0.7874293384136437,
      0.649569055390683,
      0.7834049495511654,
      0.5094092668639447,
      0.3699298736377403,
      0.4296552808493871,
      0.7421813263755532,
      0.8555198185327781,
      0.8558732873961941,
      0.6339200520803406,
      0.44824122900683705,
      0.6641265972205928,
      0.7759858726087226,
      0.8441365698724362,
      0.8437304795158749,
      0.6459858391503434,
      0.4717238069867701,
      0.47423185068909846,
      0.78310300392496,
      0.9185648905624859,
      0.9206153204533737,
      0.6431542497032194,
      0.37439734148947035,
      0.40275572886151634,
      0.8128517119585501,
      0.8773440773334041,
      0.9745600280124466
    ],
    [
      0.645749575326819,
      0.11059118936939782,
      1.5543122344752192e-15,
      0.7467052003345396,
      0.6432469659936622,
      0.745372566736821,
      0.4611876777490287,
      0.3913355248022772,
      0.4445707456885679,
      0.692378784830896,
      0.8488598920352464,
      0.8515732348240102,
      0.5865563359761697,
      0.4588343864493559,
      0.6597474749029486,
      0.7182656799164852,
      0.8347650760353276,
      0.834448090271232,
      0.6090516842916414,
      0.48410642319899033,
      0.4866657759229386,
      0.7264946164968691,
      0.9221336789240638,
      0.9240443133840246,
      0.6331754622800918,
      0.40322892081086326,
      0.4261202192571296,
      0.8092143881415557,
      0.8837560498703653,
      0.9758877464950598
    ],
    [
      0.5337916483365712,
      0.7874293384136437,
      0.7467052003345396,
      1.1102230246251565e-15,
      0.7090101955170982,
      0.8004612955913718,
      0.44030552141750157,
      0.819055480690388,
      0.8556218254726394,
      0.35551541882844784,
      0.8533978547620169,
      0.8532433799467335,
      0.42525218177539736,
      0.8518874027355173,
      0.8162120283116062,
      0.2529195816348493,
      0.8723744366154886,
      0.8727689524384811,
      0.46925599221205483,
      0.9039484028991647,
      0.9033341084633382,
      0.23301202289137724,
      0.9469346775084033,
      0.9472293205315914,
      0.728801001525673,
      0.8768601280739745,
      0.8824891780397238,
      0.6734238961709238,
      0.8954254213193575,
      0.9783628644304848
    ],
    [
      0.8138786585533896,
      0.649569055390683,
      0.6432469659936622,
      0.7090101955170982,
      -8.881784197001252e-16,
      0.41905220759491824,
      0.7533139055721052,
      0.7906853260654262,
      0.815080691206472,
      0.6351438609504728,
      0.7080514081869815,
      0.7057000319088402,
      0.7687044725674287,
      0.7124173556419227,
      0.8124367839511268,
      0.7290850784814034,
      0.7328082888227156,
      0.7271375051044799,
      0.7918637277602294,
      0.767402937938856,
      0.7665701881290177,
      0.7324363103846403,
      0.8675865460140826,
      0.8681606215861188,
      0.8335106888079635,
      0.7683986037743527,
      0.7646701856807705,
      0.7448678794638807,
      0.7752185097359837,
      0.952946875878623
    ],
    [
      0.7984275789073834,
      0.7834049495511654,
      0.745372566736821,
      0.8004612955913718,
      0.41905220759491824,
      -1.7763568394002505e-15,
      0.7359540668955168,
      0.836716161616596,
      0.8459267897073125,
      0.7086778302158638,
      0.8259297708823088,
      0.8268186830576418,
      0.7614822585590675,
      0.7686073542122306,
      0.8493110195514082,
      0.7716211736219996,
      0.8169108862227592,
      0.8145329290735567,
      0.806581140329376,
      0.8502226658318749,
      0.850264836478492,
      0.7970035438546741,
      0.9249978288165956,
      0.9246736338288241,
      0.8221266225896918,
      0.7740537979278268,
      0.7700449591186517,
      0.7654160189750561,
      0.8367287040835996,
      0.9653230816819147
    ],
    [
      0.3604462698359684,
      0.5094092668639447,
      0.4611876777490287,
      0.44030552141750157,
      0.7533139055721052,
      0.7359540668955168,
      -1.1102230246251565e-15,
      0.48870386643538444,
      0.5424120388161607,
      0.3846635654832419,
      0.8732887222119545,
      0.8735987196862577,
      0.22823872229326359,
      0.6332076993122274,
      0.6879350377165223,
      0.31537013651548584,
      0.8739806370329856,
      0.8738510563177739,
      0.2667861803992879,
      0.6449086948060309,
      0.6431784043254947,
      0.36006272031677466,
      0.9523867948814938,
      0.9523642026120761,
      0.519123567812769,
      0.5898091813250523,
      0.6079437825314007,
      0.7642550739408136,
      0.9274935283789587,
      0.9849605745719201
    ],
    [
      0.6717520890122873,
      0.3699298736377403,
      0.3913355248022772,
      0.819055480690388,
      0.7906853260654262,
      0.836716161616596,
      0.48870386643538444,
      3.219646771412954e-15,
      0.09205298400043138,
      0.7681538416681615,
      0.785649873787632,
      0.7837984372023479,
      0.6355634583098022,
      0.4799586073030512,
      0.6849214997659352,
      0.7941478201404043,
      0.8737365685654909,
      0.8741268737695993,
      0.63769518485924,
      0.4900500575831773,
      0.4854730061282836,
      0.8121908061328184,
      0.9348759853888683,
      0.9358322800048144,
      0.652777632888867,
      0.40662803685259197,
      0.4253525554440174,
      0.8561993347624917,
      0.8981673088539849,
      0.9784944701271594
    ],
    [
      0.703253447605905,
      0.4296552808493871,
      0.4445707456885679,
      0.8556218254726394,
      0.815080691206472,
      0.8459267897073125,
      0.5424120388161607,
      0.09205298400043138,
      6.661338147750939e-16,
      0.7912108728003873,
      0.7690752530047311,
      0.7717797719981065,
      0.6735869979835925,
      0.5252435541613576,
      0.7113028246036108,
      0.834161264888445,
      0.877954947205355,
      0.8783322125679405,
      0.6816703459464257,
      0.5396964371944852,
      0.5408741366209747,
      0.8484751366098745,
      0.9382424570827916,
      0.9399911921349916,
      0.6806959885192564,
      0.45708131384269335,
      0.47516066167950344,
      0.8569027960615483,
      0.9054107200328572,
      0.9799114441210154
    ],
    [
      0.5531112994451057,
      0.7421813263755532,
      0.692378784830896,
      0.35551541882844784,
      0.6351438609504728,
      0.7086778302158638,
      0.3846635654832419,
      0.7681538416681615,
      0.7912108728003873,
      4.440892098500626e-16,
      0.7708096857963853,
      0.7713703968852335,
      0.39772454655896716,
      0.7899787216538813,
      0.7933432825292448,
      0.3139277524255124,
      0.7912804928049,
      0.7896963183748602,
      0.47828112072841744,
      0.8246142746738454,
      0.8241916739164442,
      0.3111240975718892,
      0.9169882603487048,
      0.9178230940246681,
      0.644671682331592,
      0.7952360485372009,
      0.8033030843659383,
      0.5740332525638497,
      0.826447767843837,
      0.9638036833739596
    ],
    [
      0.9103790075927648,
      0.8555198185327781,
      0.8488598920352464,
      0.8533978547620169,
      0.7080514081869815,
      0.8259297708823088,
      0.8732887222119545,
      0.785649873787632,
      0.7690752530047311,
      0.7708096857963853,
      1.9984014443252818e-15,
      0.008570203930694076,
      0.8822861127378026,
      0.8486522278568678,
      0.9082575612678856,
      0.8671275599287842,
      0.852248764108047,
      0.8527054923596626,
      0.9006070993718895,
      0.8688663754738986,
      0.8701060189267071,
      0.8584418096534474,
      0.9069157944555734,
      0.9087799946958304,
      0.9132074569234682,
      0.8889679007111471,
      0.8865501818352557,
      0.8504445941327395,
      0.8657920248867949,
      0.9716995220167434
    ],
    [
      0.9105982641717827,
      0.8558732873961941,
      0.8515732348240102,
      0.8532433799467335,
      0.7057000319088402,
      0.8268186830576418,
      0.8735987196862577,
      0.7837984372023479,
      0.7717797719981065,
      0.7713703968852335,
      0.008570203930694076,
      1.2212453270876722e-15,
      0.8825740982145391,
      0.8501245237511865,
      0.909088087355064,
      0.8665478704049224,
      0.8526102355630842,
      0.8517712723948204,
      0.9008502627958266,
      0.8710167419213047,
      0.8704238028427314,
      0.8574171408739654,
      0.9048601677663679,
      0.9086224233361003,
      0.9134197937384049,
      0.8892395392815015,
      0.8868277353230365,
      0.8508104794658887,
      0.8661203629324898,
      0.9717687587638548
    ],
    [
      0.39424701595645884,
      0.6339200520803406,
      0.5865563359761697,
      0.42525218177539736,
      0.7687044725674287,
      0.7614822585590675,
      0.22823872229326359,
      0.6355634583098022,
      0.6735869979835925,
      0.39772454655896716,
      0.8822861127378026,
      0.8825740982145391,
      6.661338147750939e-16,
      0.6845353403111801,
      0.696886966239692,
      0.28851475114209413,
      0.8681646436274595,
      0.868033534115767,
      0.2752303330720045,
      0.732808923141615,
      0.7330726602928239,
      0.35845309926211555,
      0.9518643806518212,
      0.9518415404990066,
      0.520580785882751,
      0.6679201464633944,
      0.6893497355023115,
      0.7397050479713061,
      0.904214061201644,
      0.980537175297679
    ],
    [
      0.757488157312187,
      0.44824122900683705,
      0.4588343864493559,
      0.8518874027355173,
      0.7124173556419227,
      0.7686073542122306,
      0.6332076993122274,
      0.4799586073030512,
      0.5252435541613576,
      0.7899787216538813,
      0.8486522278568678,
      0.8501245237511865,
      0.6845353403111801,
      -2.886579864025407e-15,
      0.5243810609418209,
      0.830251019467666,
      0.8207854584726949,
      0.8201717299770509,
      0.705394381865204,
      0.5379248546951529,
      0.5390236466387482,
      0.8590227019606653,
      0.9114369774510425,
      0.9120818154787499,
      0.6854262640937038,
      0.4270050434014304,
      0.4442187020202103,
      0.8189056252397171,
      0.8422538207582873,
      0.9672860922062685
    ],
    [
      0.7873139659778896,
      0.6641265972205928,
      0.6597474749029486,
      0.8162120283116062,
      0.8124367839511268,
      0.8493110195514082,
      0.6879350377165223,
      0.6849214997659352,
      0.7113028246036108,
      0.7933432825292448,
      0.9082575612678856,
      0.909088087355064,
      0.696886966239692,
      0.5243810609418209,
      9.992007221626409e-16,
      0.7809710457366652,
      0.8904862617041575,
      0.8901825831827509,
      0.7150116571572838,
      0.7349820460137515,
      0.7347902881989103,
      0.8045803593496429,
      0.9475173944418067,
      0.9478702435205144,
      0.728248639802785,
      0.6824467143317988,
      0.6927782551233093,
      0.878943828707472,
      0.9117741287739414,
      0.9819061539130423
    ],
    [
      0.44932940616785855,
      0.7759858726087226,
      0.7182656799164852,
      0.2529195816348493,
      0.7290850784814034,
      0.7716211736219996,
      0.31537013651548584,
      0.7941478201404043,
      0.834161264888445,
      0.3139277524255124,
      0.8671275599287842,
      0.8665478704049224,
      0.28851475114209413,
      0.830251019467666,
      0.7809710457366652,
      3.3306690738754696e-16,
      0.8620011280748906,
      0.8624277098433528,
      0.36293046357899117,
      0.8922881397401308,
      0.8919643123616194,
      0.17186933518834002,
      0.9526539419449749,
      0.952913431933143,
      0.6752222289419614,
      0.8558562162210908,
      0.8649739163599696,
      0.6993582496500701,
      0.9012217855075547,
      0.9797801720357235
    ],
    [
      0.9164199593782691,
      0.8441365698724362,
      0.8347650760353276,
      0.8723744366154886,
      0.7328082888227156,
      0.8169108862227592,
      0.8739806370329856,
      0.8737365685654909,
      0.877954947205355,
      0.7912804928049,
      0.852248764108047,
      0.8526102355630842,
      0.8681646436274595,
      0.8207854584726949,
      0.8904862617041575,
      0.8620011280748906,
      1.3322676295501878e-15,
      0.0037791952973953435,
      0.892547906341207,
      0.859015171799877,
      0.8593848238381874,
      0.8771080619578251,
      0.9089887587136453,
      0.9093502605917329,
      0.8950735894930066,
      0.8450509124512019,
      0.8471312370436594,
      0.8349428976814421,
      0.863476086040694,
      0.9715263655482644
    ],
    [
      0.9166783217912309,
      0.8437304795158749,
      0.834448090271232,
      0.8727689524384811,
      0.7271375051044799,
      0.8145329290735567,
      0.8738510563177739,
      0.8741268737695993,
      0.8783322125679405,
      0.7896963183748602,
      0.8527054923596626,
      0.8517712723948204,
      0.868033534115767,
      0.8201717299770509,
      0.8901825831827509,
      0.8624277098433528,
      0.0037791952973953435,
      2.220446049250313e-15,
      0.8928800619849344,
      0.859450983748924,
      0.8598194931197761,
      0.8774879452099741,
      0.9092700924355539,
      0.9096304768399383,
      0.8953979377512792,
      0.8455298906838941,
      0.8467710183776945,
      0.8354531217841618,
      0.8638981084227738,
      0.971614383176014
    ],
    [
      0.3632000568191801,
      0.6459858391503434,
      0.6090516842916414,
      0.46925599221205483,
      0.7918637277602294,
      0.806581140329376,
      0.2667861803992879,
      0.63769518485924,
      0.6816703459464257,
      0.47828112072841744,
      0.9006070993718895,
      0.9008502627958266,
      0.2752303330720045,
      0.705394381865204,
      0.7150116571572838,
      0.36293046357899117,
      0.892547906341207,
      0.8928800619849344,
      -2.220446049250313e-16,
      0.7307063990128706,
      0.727484586033217,
      0.40224307277800464,
      0.9563991511861578,
      0.9563784627632551,
      0.5931240722927813,
      0.7064688969191559,
      0.7223673336344394,
      0.8045211191868736,
      0.9343595142756451,
      0.9868837564484036
    ],
    [
      0.7835477900780687,
      0.4717238069867701,
      0.48410642319899033,
      0.9039484028991647,
      0.767402937938856,
      0.8502226658318749,
      0.6449086948060309,
      0.4900500575831773,
      0.5396964371944852,
      0.8246142746738454,
      0.8688663754738986,
      0.8710167419213047,
      0.732808923141615,
      0.5379248546951529,
      0.7349820460137515,
      0.8922881397401308,
      0.859015171799877,
      0.859450983748924,
      0.7307063990128706,
      -2.886579864025407e-15,
