{
  "n": 3,
  "similarity_matrix": [
    [
      0.9999999999999982,
      0.5034407386971512,
      0.5608107053744967,
      0.6649103130131213,
      0.42024247331042996,
      0.4532214167575952,
      0.7551182006245689,
      0.43102581208800633,
      0.37988631245972143,
      0.667256295244976,
      0.17758374469592747,
      0.17531539556229828,
      0.7642621829665172,
      0.37985892122259673,
      0.373567801664527,
      0.7246144719280405,
      0.1943287691390438,
      0.19304438604625965,
      0.7636722378411698,
      0.3265307588540804,
      0.3224163084513097,
      0.7126075483164811,
      0.07246260570350253,
      0.07632460273992395,
      0.508271013768381,
      0.33202971566766637,
      0.30818619823998644,
      0.3780141744767171,
      0.10333507139771107,
      0.019843579279533004
    ],
    [
      0.5034407386971512,
      1.0000000000000007,
      0.9385417001340048,
      0.4277297856094169,
      0.5309933687326678,
      0.41701561790135766,
      0.6200950460324951,
      0.7221103439456075,
      0.6528324787026847,
      0.49906033436007474,
      0.2685117356722358,
      0.2702761830814379,
      0.5607983292589116,
      0.6586323460124153,
      0.4675478123532383,
      0.4321999114744084,
      0.255489936188103,
      0.2550656165677652,
      0.5389307454517227,
      0.6274159805253697,
      0.6170098765699253,
      0.4348688404494143,
      0.1320778160283573,
      0.13046622949732603,
      0.46953940762428564,
      0.6738799197422847,
      0.6295164671755351,
      0.3246326250613797,
      0.16371708673128754,
      0.0361863298508984
    ],
    [
      0.5608107053744967,
      0.9385417001340048,
      0.9999999999999986,
      0.5077290519137259,
      0.562103509537202,
      0.4673478828544027,
      0.6985653481628666,
      0.7113790347175247,
      0.6454707536685829,
      0.5757608012249372,
      0.27882193087459717,
      0.2779435523828155,
      0.6313487054711647,
      0.646166987251474,
      0.4833100504274707,
      0.5329194908892342,
      0.26651259700109925,
      0.2659711461794774,
      0.6005222844361329,
      0.6205422015438512,
      0.607620611545991,
      0.5247584615434707,
      0.12862754943708385,
      0.12573227068011844,
      0.4931953593955825,
      0.6337338142757828,
      0.6053513034459898,
      0.34068451381735904,
      0.1591843442697953,
      0.03521747811653698
    ],
    [
      0.6649103130131213,
      0.4277297856094169,
      0.5077290519137259,
      1.0000000000000004,
      0.5027160572343666,
      0.4487322510770522,
      0.7265602654811415,
      0.3248178015642794,
      0.24094082286914298,
      0.7768449750027613,
      0.19901584443001175,
      0.1966432931655507,
      0.7309287648398588,
      0.27226563165516704,
      0.3410157073939048,
      0.8400260546059087,
      0.22829465334940366,
      0.2253443018031716,
      0.7190293817680373,
      0.24747106116323306,
      0.24330390586522999,
      0.8677254788801464,
      0.0872538855996869,
      0.09021045744936923,
      0.44295403813963036,
      0.20730029245892742,
      0.19225255252080894,
      0.43004357006497634,
      0.11618283513454045,
      0.023427837038212468
    ],
    [
      0.42024247331042996,
      0.5309933687326678,
      0.562103509537202,
      0.5027160572343666,
      1.0000000000000002,
      0.714909307253092,
      0.5043790751885882,
      0.4029306071038152,
      0.36150522098121346,
      0.5678416431921853,
      0.38790989087503963,
      0.3901134772869698,
      0.47368975306114053,
      0.43697594311395976,
      0.35680367339955305,
      0.4988767662375852,
      0.360101591086074,
      0.3680668815013991,
      0.4660093006989195,
      0.3870332089106314,
      0.3863778463318701,
      0.49293965656308425,
      0.18519504963059957,
      0.18124209475504566,
      0.33945591521890106,
      0.36303848876008527,
      0.356164098557775,
      0.3586311479535363,
      0.253878599764908,
      0.056373367463074295
    ],
    [
      0.4532214167575952,
      0.41701561790135766,
      0.4673478828544027,
      0.4487322510770522,
      0.714909307253092,
      1.000000000000001,
      0.5198779187552659,
      0.3700678839500719,
      0.34138022837541937,
      0.5370705736927873,
      0.27879242063574317,
      0.2798498016109669,
      0.4992891664704929,
      0.368055609327757,
      0.31707944097906404,
      0.47894204324414696,
      0.29968780816880874,
      0.30328692949886227,
      0.473481848268391,
      0.29294838404379453,
      0.28917238893889297,
      0.454521583384916,
      0.12171662002603222,
      0.12218252049556036,
      0.3566855112010583,
      0.36766237827143744,
      0.3582712382501756,
      0.36202578108882827,
      0.23835442409456167,
      0.051485249318728214
    ],
    [
      0.7551182006245689,
      0.6200950460324951,
      0.6985653481628666,
      0.7265602654811415,
      0.5043790751885882,
      0.5198779187552659,
      1.0000000000000007,
      0.5935463344836299,
      0.5181136500148236,
      0.8061027836913046,
      0.23408820949165468,
      0.22983857175009773,
      0.8666813453983483,
      0.47144854831229716,
      0.5027614008519153,
      0.8373217746362264,
      0.2597597030807653,
      0.2583271725525623,
      0.8207087668669767,
      0.439400222274996,
      0.43510910166657435,
      0.7895724840711835,
      0.08907152782615946,
      0.09254290458586874,
      0.5919429882690986,
      0.4500404355538957,
      0.42431399110269385,
      0.3463506984229417,
      0.11064190108889498,
      0.024622556337389082
    ],
    [
      0.43102581208800633,
      0.7221103439456075,
      0.7113790347175247,
      0.3248178015642794,
      0.4029306071038152,
      0.3700678839500719,
      0.5935463344836299,
      1.0000000000000009,
      0.9394580790398903,
      0.4211770843740884,
      0.370226489218085,
      0.3743083419293997,
      0.4988125044076421,
      0.6679543499982122,
      0.4371561318421457,
      0.3595239149959198,
      0.2507241403510128,
      0.2522513973976872,
      0.4706128304888035,
      0.6099226467860878,
      0.5980116316099098,
      0.34119020918032167,
      0.12680367824149802,
      0.12356943899264639,
      0.44901973931412104,
      0.6774570492878623,
      0.6451976596317734,
      0.26368930873750873,
      0.188434553506267,
      0.040705691956037376
    ],
    [
      0.37988631245972143,
      0.6528324787026847,
      0.6454707536685829,
      0.24094082286914298,
      0.36150522098121346,
      0.34138022837541937,
      0.5181136500148236,
      0.9394580790398903,
      0.9999999999999992,
      0.3671485866652949,
      0.4055335642616392,
      0.40750801208463766,
      0.4249928931771547,
      0.6377448002319651,
      0.4025489590947262,
      0.2733303426892674,
      0.23624493455686235,
      0.23760496783073,
      0.39991795007421477,
      0.5630703111804912,
      0.5451637364172975,
      0.2632623012445139,
      0.12600520602018137,
      0.12045665107760842,
      0.4139024681787144,
      0.6259060372075245,
      0.596713667144555,
      0.2532387166767528,
      0.17753555252753922,
      0.038486208442805155
    ],
    [
      0.667256295244976,
      0.49906033436007474,
      0.5757608012249372,
      0.7768449750027613,
      0.5678416431921853,
      0.5370705736927873,
      0.8061027836913046,
      0.4211770843740884,
      0.3671485866652949,
      1.0,
      0.3077969969251643,
      0.30457951836022845,
      0.7818577342019738,
      0.38586706452141883,
      0.44717904496994965,
      0.8325124329711088,
      0.3133203282105903,
      0.31100562186591424,
      0.7093817542060427,
      0.3144133086708481,
      0.30870987261328336,
      0.8295051411558079,
      0.1211507358604988,
      0.12464903241225704,
      0.5000140513522564,
      0.32064460269091466,
      0.2852844526400923,
      0.5159592590411001,
      0.17685428632378336,
      0.03796873319192007
    ],
    [
      0.17758374469592747,
      0.2685117356722358,
      0.27882193087459717,
      0.19901584443001175,
      0.38790989087503963,
      0.27879242063574317,
      0.23408820949165468,
      0.370226489218085,
      0.4055335642616392,
      0.3077969969251643,
      0.9999999999999984,
      0.9952388343599424,
      0.21963587328580572,
      0.28850632152981226,
      0.21572632194528674,
      0.20243171187693026,
      0.23123307985024247,
      0.23274827087294306,
      0.19817249539249945,
      0.2430335672730702,
      0.24000438603799412,
      0.20952034145251497,
      0.151182083272796,
      0.14461390880110292,
      0.17039724239753054,
      0.23034585373827368,
      0.22314882971267117,
      0.19924623759986188,
      0.1820955509032837,
      0.039689759151728
    ],
    [
      0.17531539556229828,
      0.2702761830814379,
      0.2779435523828155,
      0.1966432931655507,
      0.3901134772869698,
      0.2798498016109669,
      0.22983857175009773,
      0.3743083419293997,
      0.40750801208463766,
      0.30457951836022845,
      0.9952388343599424,
      1.0,
      0.21922987761197235,
      0.286268396444018,
      0.21052394580470957,
      0.19852482611293365,
      0.23227536325750434,
      0.23523656230150244,
      0.19673353271465632,
      0.24114837143401038,
      0.2394422454183181,
      0.20650305815815953,
      0.15364502960675003,
      0.14434659080577267,
      0.16538471984658382,
      0.23025797079149632,
      0.2224640815792944,
      0.19716346712118316,
      0.18122369475439146,
      0.03958230762661556
    ],
    [
      0.7642621829665172,
      0.5607983292589116,
      0.6313487054711647,
      0.7309287648398588,
      0.47368975306114053,
      0.4992891664704929,
      0.8666813453983483,
      0.4988125044076421,
      0.4249928931771547,
      0.7818577342019738,
      0.21963587328580572,
      0.21922987761197235,
      0.9999999999999983,
      0.46146848975435256,
      0.47812211591683645,
      0.8425149410480317,
      0.2608364116760308,
      0.25938283956047453,
      0.8454889617268556,
      0.3887344050363469,
      0.38493807965440396,
      0.7899096347476294,
      0.09089582292930663,
      0.09521315421707995,
      0.572332077347803,
      0.40267423669450053,
      0.3665843034955914,
      0.3790418826970866,
      0.12699726958805557,
      0.026708413021673445
    ],
    [
      0.37985892122259673,
      0.6586323460124153,
      0.646166987251474,
      0.27226563165516704,
      0.43697594311395976,
      0.368055609327757,
      0.47144854831229716,
      0.6679543499982122,
      0.6377448002319651,
      0.38586706452141883,
      0.28850632152981226,
      0.286268396444018,
      0.46146848975435256,
      0.9999999999999967,
      0.5903967008005838,
      0.3068251509853548,
      0.2928064377005258,
      0.29422701926256223,
      0.43669250363223955,
      0.6129649319732573,
      0.5964935644477086,
      0.29749559052933294,
      0.14574493301503316,
      0.1446604146915915,
      0.41665391741059343,
      0.646661726613843,
      0.6104595861348876,
      0.26602691530983064,
      0.2154721689515634,
      0.0462274650389009
    ],
    [
      0.373567801664527,
      0.4675478123532383,
      0.4833100504274707,
      0.3410157073939048,
      0.35680367339955305,
      0.31707944097906404,
      0.5027614008519153,
      0.4371561318421457,
      0.4025489590947262,
      0.44717904496994965,
      0.21572632194528674,
      0.21052394580470957,
      0.47812211591683645,
      0.5903967008005838,
      1.000000000000003,
      0.41319154293239707,
      0.2588578600899351,
      0.26111803665947003,
      0.4801051193776759,
      0.4304775546745141,
      0.4237512427537277,
      0.42117687029152967,
      0.11878221467544384,
      0.1236457405523586,
      0.37396037290977874,
      0.3939749811797834,
      0.3747220863151549,
      0.18888974101479147,
      0.14837291763703656,
      0.03151908730026802
    ],
    [
      0.7246144719280405,
      0.4321999114744084,
      0.5329194908892342,
      0.8400260546059087,
      0.4988767662375852,
      0.47894204324414696,
      0.8373217746362264,
      0.3595239149959198,
      0.2733303426892674,
      0.8325124329711088,
      0.20243171187693026,
      0.19852482611293365,
      0.8425149410480317,
      0.3068251509853548,
      0.41319154293239707,
      0.9999999999999989,
      0.2617499700008335,
      0.2594880090500598,
      0.7742945656040776,
      0.2631081705562679,
      0.25823982244206356,
      0.9103339511889199,
      0.08631342138632848,
      0.09055749016292627,
      0.45947073260889904,
      0.2256828140199351,
      0.20822305468390784,
      0.39440573180734706,
      0.1108628184709412,
      0.023054011236626815
    ],
    [
      0.1943287691390438,
      0.255489936188103,
      0.26651259700109925,
      0.22829465334940366,
      0.360101591086074,
      0.29968780816880874,
      0.2597597030807653,
      0.2507241403510128,
      0.23624493455686235,
      0.3133203282105903,
      0.23123307985024247,
      0.23227536325750434,
      0.2608364116760308,
      0.2928064377005258,
      0.2588578600899351,
      0.2617499700008335,
      1.0000000000000004,
      0.997482878242635,
      0.2301705625244858,
      0.23843405905616494,
      0.2361055456583607,
      0.23617052848082853,
      0.13622721729274273,
      0.13519312930311359,
      0.19098661754043406,
      0.26396002232834226,
      0.2581327976552239,
      0.21534792123766322,
      0.21180646869134404,
      0.04514838338065509
    ],
    [
      0.19304438604625965,
      0.2550656165677652,
      0.2659711461794774,
      0.2253443018031716,
      0.3680668815013991,
      0.30328692949886227,
      0.2583271725525623,
      0.2522513973976872,
      0.23760496783073,
      0.31100562186591424,
      0.23274827087294306,
      0.23523656230150244,
      0.25938283956047453,
      0.29422701926256223,
      0.26111803665947003,
      0.2594880090500598,
      0.997482878242635,
      0.9999999999999988,
      0.22992209702790872,
      0.2381766732452493,
      0.23585067344097896,
      0.23549150350398773,
      0.13742125164624977,
      0.13639190246736987,
      0.1901842615874405,
      0.2628510970120299,
      0.2589200644651539,
      0.21444322074715244,
      0.2120884053813377,
      0.04530790388114902
    ],
    [
      0.7636722378411698,
      0.5389307454517227,
      0.6005222844361329,
      0.7190293817680373,
      0.4660093006989195,
      0.473481848268391,
      0.8207087668669767,
      0.4706128304888035,
      0.39991795007421477,
      0.7093817542060427,
      0.19817249539249945,
      0.19673353271465632,
      0.8454889617268556,
      0.43669250363223955,
      0.4801051193776759,
      0.7742945656040776,
      0.2301705625244858,
      0.22992209702790872,
      0.9999999999999984,
      0.398957262872057,
      0.3969558799721076,
      0.7559517276239828,
      0.08968348426198819,
      0.0919744891143285,
      0.5676292135904983,
      0.37724690085324875,
      0.35006035742812325,
      0.3265312977199432,
      0.10267187273941375,
      0.021264584491061243
    ],
    [
      0.3265307588540804,
      0.6274159805253697,
      0.6205422015438512,
      0.24747106116323306,
      0.3870332089106314,
      0.29294838404379453,
      0.439400222274996,
      0.6099226467860878,
      0.5630703111804912,
      0.3144133086708481,
      0.2430335672730702,
      0.24114837143401038,
      0.3887344050363469,
      0.6129649319732573,
      0.4304775546745141,
      0.2631081705562679,
      0.23843405905616494,
      0.2381766732452493,
      0.398957262872057,
      1.0000000000000013,
      0.9774759211611566,
      0.2710381009161074,
      0.15381958606632665,
      0.1500899292027846,
      0.3927458197051022,
      0.5938614769541115,
      0.5831956944442722,
      0.22891653492095976,
      0.18463117664632453,
      0.03987129300770825
    ],
    [
      0.3224163084513097,
      0.6170098765699253,
      0.607620611545991,
      0.24330390586522999,
      0.3863778463318701,
      0.28917238893889297,
      0.43510910166657435,
      0.5980116316099098,
      0.5451637364172975,
      0.30870987261328336,
      0.24000438603799412,
      0.2394422454183181,
      0.38493807965440396,
      0.5964935644477086,
      0.4237512427537277,
      0.25823982244206356,
      0.2361055456583607,
      0.23585067344097896,
      0.3969558799721076,
      0.9774759211611566,
      0.9999999999999994,
      0.26508790496880213,
      0.1523174056797747,
      0.14909007861489348,
      0.3884703756129354,
      0.5880619095139508,
      0.5775002875320603,
      0.2201191508176895,
      0.1859181469143713,
      0.04017256133630476
    ],
    [
      0.7126075483164811,
      0.4348688404494143,
      0.5247584615434707,
      0.8677254788801464,
      0.49293965656308425,
      0.454521583384916,
      0.7895724840711835,
      0.34119020918032167,
      0.2632623012445139,
      0.8295051411558079,
      0.20952034145251497,
      0.20650305815815953,
      0.7899096347476294,
      0.29749559052933294,
      0.42117687029152967,
      0.9103339511889199,
      0.23617052848082853,
      0.23549150350398773,
      0.7559517276239828,
      0.2710381009161074,
      0.26508790496880213,
      1.0,
      0.08945620615294099,
      0.09402917693042623,
      0.46039635149467273,
      0.204462847770829,
      0.19014471195419064,
      0.4478558707843097,
      0.10984709011587719,
      0.022203948326300953
    ],
    [
      0.07246260570350253,
      0.1320778160283573,
      0.12862754943708385,
      0.0872538855996869,
      0.18519504963059957,
      0.12171662002603222,
      0.08907152782615946,
      0.12680367824149802,
      0.12600520602018137,
      0.1211507358604988,
      0.151182083272796,
      0.15364502960675003,
      0.09089582292930663,
      0.14574493301503316,
      0.11878221467544384,
      0.08631342138632848,
      0.13622721729274273,
      0.13742125164624977,
      0.08968348426198819,
      0.15381958606632665,
      0.1523174056797747,
      0.08945620615294099,
      0.9999999999999987,
      0.9897275816234937,
      0.07064137843935352,
      0.1119963366354581,
      0.10882817113631318,
      0.08463311577712739,
      0.09775228594669344,
      0.020524103288524945
    ],
    [
      0.07632460273992395,
      0.13046622949732603,
      0.12573227068011844,
      0.09021045744936923,
      0.18124209475504566,
      0.12218252049556036,
      0.09254290458586874,
      0.12356943899264639,
      0.12045665107760842,
      0.12464903241225704,
      0.14461390880110292,
      0.14434659080577267,
      0.09521315421707995,
      0.1446604146915915,
      0.1236457405523586,
      0.09055749016292627,
      0.13519312930311359,
      0.13639190246736987,
      0.0919744891143285,
      0.1500899292027846,
      0.14909007861489348,
      0.09402917693042623,
      0.9897275816234937,
      1.0000000000000013,
      0.0748754930448206,
      0.11618571222149546,
      0.11319080004931376,
      0.08979977547557694,
      0.09950244820242335,
      0.020914979619140975
    ],
    [
      0.508271013768381,
      0.46953940762428564,
      0.4931953593955825,
      0.44295403813963036,
      0.33945591521890106,
      0.3566855112010583,
      0.5919429882690986,
      0.44901973931412104,
      0.4139024681787144,
      0.5000140513522564,
      0.17039724239753054,
      0.16538471984658382,
      0.572332077347803,
      0.41665391741059343,
      0.37396037290977874,
      0.45947073260889904,
      0.19098661754043406,
      0.1901842615874405,
      0.5676292135904983,
      0.3927458197051022,
      0.3884703756129354,
      0.46039635149467273,
      0.07064137843935352,
      0.0748754930448206,
      0.9999999999999987,
      0.4848529411315284,
      0.45285716589434793,
      0.3583562325204757,
      0.1548086545508725,
      0.032985295742275725
    ],
    [
      0.33202971566766637,
      0.6738799197422847,
      0.6337338142757828,
      0.20730029245892742,
      0.36303848876008527,
      0.36766237827143744,
      0.4500404355538957,
      0.6774570492878623,
      0.6259060372075245,
      0.32064460269091466,
      0.23034585373827368,
      0.23025797079149632,
      0.40267423669450053,
      0.646661726613843,
      0.3939749811797834,
      0.2256828140199351,
      0.26396002232834226,
      0.2628510970120299,
      0.37724690085324875,
      0.5938614769541115,
      0.5880619095139508,
      0.204462847770829,
      0.1119963366354581,
      0.11618571222149546,
      0.4848529411315284,
      0.9999999999999979,
      0.940449311880446,
      0.3487056359751055,
      0.33511642573332456,
      0.07273999472460278
    ],
    [
      0.30818619823998644,
      0.6295164671755351,
      0.6053513034459898,
      0.19225255252080894,
      0.356164098557775,
      0.3582712382501756,
      0.42431399110269385,
      0.6451976596317734,
      0.596713667144555,
      0.2852844526400923,
      0.22314882971267117,
      0.2224640815792944,
      0.3665843034955914,
      0.6104595861348876,
      0.3747220863151549,
      0.20822305468390784,
      0.2581327976552239,
      0.2589200644651539,
      0.35006035742812325,
      0.5831956944442722,
      0.5775002875320603,
      0.19014471195419064,
      0.10882817113631318,
      0.11319080004931376,
      0.45285716589434793,
      0.940449311880446,
      1.0000000000000002,
      0.32772277739671485,
      0.3631533451337586,
      0.07814639194978779
    ],
    [
      0.3780141744767171,
      0.3246326250613797,
      0.34068451381735904,
      0.43004357006497634,
      0.3586311479535363,
      0.36202578108882827,
      0.3463506984229417,
      0.26368930873750873,
      0.2532387166767528,
      0.5159592590411001,
      0.19924623759986188,
      0.19716346712118316,
      0.3790418826970866,
      0.26602691530983064,
      0.18888974101479147,
      0.39440573180734706,
      0.21534792123766322,
      0.21444322074715244,
      0.3265312977199432,
      0.22891653492095976,
      0.2201191508176895,
      0.4478558707843097,
      0.08463311577712739,
      0.08979977547557694,
      0.3583562325204757,
      0.3487056359751055,
      0.32772277739671485,
      1.000000000000001,
      0.23867579018578197,
      0.05150844762349698
    ],
    [
      0.10333507139771107,
      0.16371708673128754,
      0.1591843442697953,
      0.11618283513454045,
      0.253878599764908,
      0.23835442409456167,
      0.11064190108889498,
      0.188434553506267,
      0.17753555252753922,
      0.17685428632378336,
      0.1820955509032837,
      0.18122369475439146,
      0.12699726958805557,
      0.2154721689515634,
      0.14837291763703656,
      0.1108628184709412,
      0.21180646869134404,
      0.2120884053813377,
      0.10267187273941375,
      0.18463117664632453,
      0.1859181469143713,
      0.10984709011587719,
      0.09775228594669344,
      0.09950244820242335,
      0.1548086545508725,
      0.33511642573332456,
      0.3631533451337586,
      0.23867579018578197,
      1.0000000000000029,
      0.24046433402740758
    ],
    [
      0.019843579279533004,
      0.0361863298508984,
      0.03521747811653698,
      0.023427837038212468,
      0.056373367463074295,
      0.051485249318728214,
      0.024622556337389082,
      0.040705691956037376,
      0.038486208442805155,
      0.03796873319192007,
      0.039689759151728,
      0.03958230762661556,
      0.026708413021673445,
      0.0462274650389009,
      0.03151908730026802,
      0.023054011236626815,
      0.04514838338065509,
      0.04530790388114902,
      0.021264584491061243,
      0.03987129300770825,
      0.04017256133630476,
      0.022203948326300953,
      0.020524103288524945,
      0.020914979619140975,
      0.032985295742275725,
      0.07273999472460278,
      0.07814639194978779,
      0.05150844762349698,
      0.24046433402740758,
      1.000000000000001
    ]
  ],
  "distance_matrix": [
    [
      1.7763568394002505e-15,
      0.4965592613028488,
      0.43918929462550327,
      0.3350896869868787,
      0.57975752668957,
      0.5467785832424048,
      0.2448817993754311,
      0.5689741879119936,
      0.6201136875402786,
      0.332743704755024,
      0.8224162553040726,
      0.8246846044377018,
      0.23573781703348284,
      0.6201410787774033,
      0.626432198335473,
      0.2753855280719595,
      0.8056712308609562,
      0.8069556139537404,
      0.23632776215883022,
      0.6734692411459196,
      0.6775836915486904,
      0.2873924516835189,
      0.9275373942964975,
      0.9236753972600761,
      0.491728986231619,
      0.6679702843323336,
      0.6918138017600135,
      0.6219858255232829,
      0.896664928602289,
      0.980156420720467
    ],
    [
      0.4965592613028488,
      -6.661338147750939e-16,
      0.06145829986599516,
      0.5722702143905831,
      0.4690066312673322,
      0.5829843820986423,
      0.3799049539675049,
      0.27788965605439253,
      0.3471675212973153,
      0.5009396656399252,
      0.7314882643277643,
      0.729723816918562,
      0.4392016707410884,
      0.34136765398758473,
      0.5324521876467617,
      0.5678000885255916,
      0.744510063811897,
      0.7449343834322348,
      0.4610692545482773,
      0.37258401947463027,
      0.38299012343007466,
      0.5651311595505857,
      0.8679221839716427,
      0.869533770502674,
      0.5304605923757144,
      0.32612008025771533,
      0.3704835328244649,
      0.6753673749386203,
      0.8362829132687124,
      0.9638136701491016
    ],
    [
      0.43918929462550327,
      0.06145829986599516,
      1.4432899320127035e-15,
      0.49227094808627414,
      0.437896490462798,
      0.5326521171455973,
      0.30143465183713336,
      0.2886209652824753,
      0.35452924633141714,
      0.4242391987750628,
      0.7211780691254028,
      0.7220564476171845,
      0.36865129452883527,
      0.35383301274852597,
      0.5166899495725292,
      0.4670805091107658,
      0.7334874029989007,
      0.7340288538205226,
      0.39947771556386713,
      0.3794577984561488,
      0.392379388454009,
      0.4752415384565293,
      0.8713724505629161,
      0.8742677293198815,
      0.5068046406044175,
      0.3662661857242172,
      0.39464869655401025,
      0.6593154861826409,
      0.8408156557302047,
      0.964782521883463
    ],
    [
      0.3350896869868787,
      0.5722702143905831,
      0.49227094808627414,
      -4.440892098500626e-16,
      0.49728394276563337,
      0.5512677489229478,
      0.2734397345188585,
      0.6751821984357206,
      0.759059177130857,
      0.22315502499723872,
      0.8009841555699883,
      0.8033567068344493,
      0.2690712351601412,
      0.727734368344833,
      0.6589842926060951,
      0.15997394539409127,
      0.7717053466505963,
      0.7746556981968284,
      0.2809706182319627,
      0.752528938836767,
      0.75669609413477,
      0.1322745211198536,
      0.9127461144003131,
      0.9097895425506308,
      0.5570459618603696,
      0.7926997075410726,
      0.807747447479191,
      0.5699564299350237,
      0.8838171648654596,
      0.9765721629617875
    ],
    [
      0.57975752668957,
      0.4690066312673322,
      0.437896490462798,
      0.49728394276563337,
      -2.220446049250313e-16,
      0.285090692746908,
      0.49562092481141184,
      0.5970693928961848,
      0.6384947790187865,
      0.43215835680781467,
      0.6120901091249604,
      0.6098865227130301,
      0.5263102469388594,
      0.5630240568860403,
      0.643196326600447,
      0.5011232337624147,
      0.639898408913926,
      0.6319331184986009,
      0.5339906993010806,
      0.6129667910893686,
      0.6136221536681299,
      0.5070603434369158,
      0.8148049503694004,
      0.8187579052449543,
      0.6605440847810989,
      0.6369615112399147,
      0.643835901442225,
      0.6413688520464638,
      0.746121400235092,
      0.9436266325369257
    ],
    [
      0.5467785832424048,
      0.5829843820986423,
      0.5326521171455973,
      0.5512677489229478,
      0.285090692746908,
      -1.1102230246251565e-15,
      0.4801220812447341,
      0.629932116049928,
      0.6586197716245806,
      0.4629294263072127,
      0.7212075793642568,
      0.720150198389033,
      0.5007108335295072,
      0.6319443906722431,
      0.682920559020936,
      0.5210579567558531,
      0.7003121918311912,
      0.6967130705011377,
      0.526518151731609,
      0.7070516159562055,
      0.710827611061107,
      0.545478416615084,
      0.8782833799739678,
      0.8778174795044397,
      0.6433144887989417,
      0.6323376217285626,
      0.6417287617498244,
      0.6379742189111717,
      0.7616455759054384,
      0.9485147506812718
    ],
    [
      0.2448817993754311,
      0.3799049539675049,
      0.30143465183713336,
      0.2734397345188585,
      0.49562092481141184,
      0.4801220812447341,
      -6.661338147750939e-16,
      0.4064536655163701,
      0.48188634998517643,
      0.19389721630869539,
      0.7659117905083453,
      0.7701614282499023,
      0.1333186546016517,
      0.5285514516877028,
      0.49723859914808466,
      0.16267822536377363,
      0.7402402969192348,
      0.7416728274474377,
      0.1792912331330233,
      0.560599777725004,
      0.5648908983334257,
      0.21042751592881648,
      0.9109284721738405,
      0.9074570954141312,
      0.40805701173090136,
      0.5499595644461043,
      0.5756860088973061,
      0.6536493015770584,
      0.8893580989111051,
      0.9753774436626109
    ],
    [
      0.5689741879119936,
      0.27788965605439253,
      0.2886209652824753,
      0.6751821984357206,
      0.5970693928961848,
      0.629932116049928,
      0.4064536655163701,
      -8.881784197001252e-16,
      0.060541920960109685,
      0.5788229156259116,
      0.629773510781915,
      0.6256916580706002,
      0.5011874955923579,
      0.33204565000178776,
      0.5628438681578543,
      0.6404760850040803,
      0.7492758596489872,
      0.7477486026023128,
      0.5293871695111965,
      0.39007735321391224,
      0.4019883683900902,
      0.6588097908196784,
      0.8731963217585019,
      0.8764305610073536,
      0.5509802606858789,
      0.3225429507121377,
      0.35480234036822655,
      0.7363106912624913,
      0.811565446493733,
      0.9592943080439627
    ],
    [
      0.6201136875402786,
      0.3471675212973153,
      0.35452924633141714,
      0.759059177130857,
      0.6384947790187865,
      0.6586197716245806,
      0.48188634998517643,
      0.060541920960109685,
      7.771561172376096e-16,
      0.6328514133347052,
      0.5944664357383608,
      0.5924919879153623,
      0.5750071068228453,
      0.3622551997680349,
      0.5974510409052738,
      0.7266696573107325,
      0.7637550654431376,
      0.76239503216927,
      0.6000820499257853,
      0.4369296888195088,
      0.45483626358270246,
      0.7367376987554861,
      0.8739947939798186,
      0.8795433489223916,
      0.5860975318212855,
      0.37409396279247553,
      0.403286332855445,
      0.7467612833232472,
      0.8224644474724607,
      0.9615137915571949
    ],
    [
      0.332743704755024,
      0.5009396656399252,
      0.4242391987750628,
      0.22315502499723872,
      0.43215835680781467,
      0.4629294263072127,
      0.19389721630869539,
      0.5788229156259116,
      0.6328514133347052,
      0.0,
      0.6922030030748356,
      0.6954204816397715,
      0.2181422657980262,
      0.6141329354785812,
      0.5528209550300504,
      0.16748756702889123,
      0.6866796717894097,
      0.6889943781340857,
      0.29061824579395734,
      0.685586691329152,
      0.6912901273867167,
      0.17049485884419213,
      0.8788492641395012,
      0.875350967587743,
      0.4999859486477436,
      0.6793553973090853,
      0.7147155473599077,
      0.48404074095889993,
      0.8231457136762166,
      0.9620312668080799
    ],
    [
      0.8224162553040726,
      0.7314882643277643,
      0.7211780691254028,
      0.8009841555699883,
      0.6120901091249604,
      0.7212075793642568,
      0.7659117905083453,
      0.629773510781915,
      0.5944664357383608,
      0.6922030030748356,
      1.5543122344752192e-15,
      0.004761165640057574,
      0.7803641267141943,
      0.7114936784701877,
      0.7842736780547133,
      0.7975682881230697,
      0.7687669201497576,
      0.767251729127057,
      0.8018275046075005,
      0.7569664327269298,
      0.7599956139620059,
      0.790479658547485,
      0.848817916727204,
      0.8553860911988971,
      0.8296027576024695,
      0.7696541462617263,
      0.7768511702873289,
      0.8007537624001382,
      0.8179044490967163,
      0.960310240848272
    ],
    [
      0.8246846044377018,
      0.729723816918562,
      0.7220564476171845,
      0.8033567068344493,
      0.6098865227130301,
      0.720150198389033,
      0.7701614282499023,
      0.6256916580706002,
      0.5924919879153623,
      0.6954204816397715,
      0.004761165640057574,
      0.0,
      0.7807701223880277,
      0.713731603555982,
      0.7894760541952904,
      0.8014751738870663,
      0.7677246367424957,
      0.7647634376984975,
      0.8032664672853437,
      0.7588516285659896,
      0.760557754581682,
      0.7934969418418405,
      0.84635497039325,
      0.8556534091942274,
      0.8346152801534161,
      0.7697420292085037,
      0.7775359184207056,
      0.8028365328788168,
      0.8187763052456085,
      0.9604176923733845
    ],
    [
      0.23573781703348284,
      0.4392016707410884,
      0.36865129452883527,
      0.2690712351601412,
      0.5263102469388594,
      0.5007108335295072,
      0.1333186546016517,
      0.5011874955923579,
      0.5750071068228453,
      0.2181422657980262,
      0.7803641267141943,
      0.7807701223880277,
      1.6653345369377348e-15,
      0.5385315102456474,
      0.5218778840831635,
      0.1574850589519683,
      0.7391635883239692,
      0.7406171604395255,
      0.15451103827314439,
      0.6112655949636532,
      0.615061920345596,
      0.21009036525237057,
      0.9091041770706934,
      0.90478684578292,
      0.427667922652197,
      0.5973257633054995,
      0.6334156965044087,
      0.6209581173029134,
      0.8730027304119444,
      0.9732915869783265
    ],
    [
      0.6201410787774033,
      0.34136765398758473,
      0.35383301274852597,
      0.727734368344833,
      0.5630240568860403,
      0.6319443906722431,
      0.5285514516877028,
      0.33204565000178776,
      0.3622551997680349,
      0.6141329354785812,
      0.7114936784701877,
      0.713731603555982,
      0.5385315102456474,
      3.3306690738754696e-15,
      0.4096032991994162,
      0.6931748490146452,
      0.7071935622994743,
      0.7057729807374378,
      0.5633074963677605,
      0.3870350680267427,
      0.4035064355522914,
      0.7025044094706671,
      0.8542550669849669,
      0.8553395853084085,
      0.5833460825894066,
      0.353338273386157,
      0.3895404138651124,
      0.7339730846901693,
      0.7845278310484366,
      0.9537725349610991
    ],
    [
      0.626432198335473,
      0.5324521876467617,
      0.5166899495725292,
      0.6589842926060951,
      0.643196326600447,
      0.682920559020936,
      0.49723859914808466,
      0.5628438681578543,
      0.5974510409052738,
      0.5528209550300504,
      0.7842736780547133,
      0.7894760541952904,
      0.5218778840831635,
      0.4096032991994162,
      -3.1086244689504383e-15,
      0.5868084570676029,
      0.7411421399100648,
      0.7388819633405299,
      0.519894880622324,
      0.5695224453254859,
      0.5762487572462722,
      0.5788231297084703,
      0.8812177853245562,
      0.8763542594476414,
      0.6260396270902213,
      0.6060250188202165,
      0.6252779136848451,
      0.8111102589852085,
      0.8516270823629635,
      0.968480912699732
    ],
    [
      0.2753855280719595,
      0.5678000885255916,
      0.4670805091107658,
      0.15997394539409127,
      0.5011232337624147,
      0.5210579567558531,
      0.16267822536377363,
      0.6404760850040803,
      0.7266696573107325,
      0.16748756702889123,
      0.7975682881230697,
      0.8014751738870663,
      0.1574850589519683,
      0.6931748490146452,
      0.5868084570676029,
      1.1102230246251565e-15,
      0.7382500299991666,
      0.7405119909499402,
      0.2257054343959224,
      0.7368918294437321,
      0.7417601775579364,
      0.08966604881108009,
      0.9136865786136715,
      0.9094425098370738,
      0.540529267391101,
      0.7743171859800649,
      0.7917769453160921,
      0.6055942681926529,
      0.8891371815290587,
      0.9769459887633731
    ],
    [
      0.8056712308609562,
      0.744510063811897,
      0.7334874029989007,
      0.7717053466505963,
      0.639898408913926,
      0.7003121918311912,
      0.7402402969192348,
      0.7492758596489872,
      0.7637550654431376,
      0.6866796717894097,
      0.7687669201497576,
      0.7677246367424957,
      0.7391635883239692,
      0.7071935622994743,
      0.7411421399100648,
      0.7382500299991666,
      -4.440892098500626e-16,
      0.0025171217573649596,
      0.7698294374755141,
      0.7615659409438351,
      0.7638944543416393,
      0.7638294715191715,
      0.8637727827072572,
      0.8648068706968864,
      0.809013382459566,
      0.7360399776716577,
      0.7418672023447761,
      0.7846520787623368,
      0.788193531308656,
      0.9548516166193449
    ],
    [
      0.8069556139537404,
      0.7449343834322348,
      0.7340288538205226,
      0.7746556981968284,
      0.6319331184986009,
      0.6967130705011377,
      0.7416728274474377,
      0.7477486026023128,
      0.76239503216927,
      0.6889943781340857,
      0.767251729127057,
      0.7647634376984975,
      0.7406171604395255,
      0.7057729807374378,
      0.7388819633405299,
      0.7405119909499402,
      0.0025171217573649596,
      1.2212453270876722e-15,
      0.7700779029720912,
      0.7618233267547507,
      0.764149326559021,
      0.7645084964960123,
      0.8625787483537503,
      0.8636080975326301,
      0.8098157384125595,
      0.7371489029879701,
      0.7410799355348461,
      0.7855567792528475,
      0.7879115946186623,
      0.954692096118851
    ],
    [
      0.23632776215883022,
      0.4610692545482773,
      0.39947771556386713,
      0.2809706182319627,
      0.5339906993010806,
      0.526518151731609,
      0.1792912331330233,
      0.5293871695111965,
      0.6000820499257853,
      0.29061824579395734,
      0.8018275046075005,
      0.8032664672853437,
      0.15451103827314439,
      0.5633074963677605,
      0.519894880622324,
      0.2257054343959224,
      0.7698294374755141,
      0.7700779029720912,
      1.5543122344752192e-15,
      0.601042737127943,
      0.6030441200278924,
      0.24404827237601723,
      0.9103165157380118,
      0.9080255108856715,
      0.43237078640950166,
      0.6227530991467513,
      0.6499396425718768,
      0.6734687022800567,
      0.8973281272605862,
      0.9787354155089387
    ],
    [
      0.6734692411459196,
      0.37258401947463027,
      0.3794577984561488,
      0.752528938836767,
      0.6129667910893686,
      0.7070516159562055,
      0.560599777725004,
      0.39007735321391224,
      0.4369296888195088,
      0.685586691329152,
      0.7569664327269298,
      0.7588516285659896,
      0.6112655949636532,
      0.3870350680267427,
      0.5695224453254859,
      0.7368918294437321,
      0.7615659409438351,
      0.7618233267547507,
      0.601042737127943,
      -1.3322676295501878e-15,
      0.022524078838843442,
      0.7289618990838926,
      0.8461804139336734,
      0.8499100707972154,
      0.6072541802948979,
      0.4061385230458885,
      0.4168043055557278,
      0.7710834650790402,
