{
  "zlib": {
    "matrix": [
      [
        0.0,
        0.977313106464398,
        0.9951505354617094,
        0.9761514281809485,
        0.980046467131338,
        0.990159901599016,
        0.9809348093480935,
        0.98086647533142,
        0.9769714363810305,
        0.9790897908979089,
        0.9766981003143365,
        0.9622796227962279,
        0.955719557195572,
        0.959956266229329,
        0.967063003963373,
        0.9825748257482575,
        0.981549815498155,
        0.9905487675081953,
        0.997809882425267,
        0.9809348093480935,
        0.98906655733224,
        0.996224921606235,
        0.977723110564439,
        1.0,
        0.9894427874828386,
        0.9972960472480165,
        0.989886565532322,
        0.992969592408885,
        0.9929945513176915,
        0.9985411682324794,
        0.9983673469387755,
        0.9991427101788878,
        0.9885627310284845,
        0.9881782151154845,
        0.9948924024486424,
        0.9941710512741153,
        0.988383217165505,
        0.9974253999071455,
        0.989203225365587
      ],
      [
        0.977313106464398,
        0.0,
        0.9953525964841382,
        0.9718601096826396,
        0.9648268996792391,
        0.9829664860081849,
        0.9741179073111381,
        0.9769874476987448,
        0.9715189873417721,
        0.9674788354325831,
        0.9689306358381503,
        0.9389448069903772,
        0.926888618515651,
        0.9367326623161155,
        0.9371750912509678,
        0.9822432469491293,
        0.977391158177845,
        0.9906764868661927,
        0.9974256512718052,
        0.9723888314374354,
        0.9815285919699148,
        0.9965598075927786,
        0.9694294123231748,
        0.998568606681744,
        0.9888746863608389,
        0.9973316255737005,
        0.9877225970578476,
        0.9924951477248221,
        0.9896030245746692,
        0.9985411682324794,
        0.9974344023323615,
        0.9982568440304053,
        0.9887801696020874,
        0.976551266452826,
        0.9955684080069103,
        0.9901991127617868,
        0.9782103749585223,
        0.9979740851728358,
        0.9810861630350625
      ],
      [
        0.9951505354617094,
        0.9953525964841382,
        0.0,
        0.995487303832424,
        0.9951842122987808,
        0.9975752677308547,
        0.9963965784333535,
        0.9961608405738533,
        0.994679059742709,
        0.9957903953660672,
        0.9942412608607799,
        0.9976089445679261,
        0.9970027615006398,
        0.9972048225230686,
        0.9960261332255674,
        0.9960261332255674,
        0.9959251027143531,
        0.9939718461642083,
        0.9921869737994208,
        0.9950831817875665,
        0.9979120361015693,
        0.9877309952202636,
        0.9948811207651377,
        0.9907531991640663,
        0.9956220111807099,
        0.9921196201252779,
        0.9980130666127838,
        0.9954536269953526,
        0.9962955479221391,
        0.9918888953725856,
        0.9897084548104956,
        0.9898268274561354,
        0.995554657506567,
        0.9966323162928538,
        0.9864282346602007,
        0.9959251027143531,
        0.9972048225230686,
        0.9927258031925642,
        0.9965649626187109
      ],
      [
        0.9761514281809485,
        0.9718601096826396,
        0.995487303832424,
        0.0,
        0.9728490515148791,
        0.9882226018160568,
        0.977524049267284,
        0.9805857740585774,
        0.9727496483825597,
        0.9758158770115976,
        0.9732086667266026,
        0.9599029038928346,
        0.9558572327609458,
        0.9577452126224939,
        0.9532500224759507,
        0.983751542575072,
        0.9803328290468987,
        0.9916982417301715,
        0.9983478060401137,
        0.9780634720848692,
        0.984806257304684,
        0.9958291472585016,
        0.9725793401060865,
        0.999770977069079,
        0.990721015007338,
        0.9960152275233928,
        0.9904701968893285,
        0.9926245417295665,
        0.9916601801401089,
        0.9976658691719671,
        0.9970553935860058,
        0.9982854203577756,
        0.9903022396173081,
        0.9830980850489975,
        0.9938783941112405,
        0.991127617868565,
        0.9838173154724444,
        0.9966234752880597,
        0.9871437561808865
      ],
      [
        0.980046467131338,
        0.9648268996792391,
        0.9951842122987808,
        0.9728490515148791,
        0.0,
        0.9757325416290177,
        0.9654059635988125,
        0.9817573221757322,
        0.9714310829817159,
        0.9647945488333678,
        0.9714079273327828,
        0.9681166903317413,
        0.9568865367238931,
        0.966438621401833,
        0.9654059635988125,
        0.9842314548196901,
        0.9815094973945201,
        0.9914853761335093,
        0.9984630753861523,
        0.9716649431230611,
        0.9736672260229766,
        0.9957378147167169,
        0.9659166429317384,
        0.997394864160774,
        0.9910997490886712,
        0.9971181556195965,
        0.9882535174906415,
        0.9942635324563295,
        0.9941065272990104,
        0.9976075159012663,
        0.9958309037900874,
        0.9970566382808481,
        0.9880408784518373,
        0.9754743771782626,
        0.9939910617042851,
        0.9921592902094295,
        0.976248870530528,
        0.9976364327016418,
        0.9731508971214664
      ],
      [
        0.990159901599016,
        0.9829664860081849,
        0.9975752677308547,
        0.9882226018160568,
        0.9757325416290177,
        0.0,
        0.9607980399019951,
        0.9840167364016736,
        0.9821554149085795,
        0.9783192236217221,
        0.9794591246903386,
        0.9545454545454546,
        0.9518365361225979,
        0.9573128061581525,
        0.9588501673557787,
        0.989167695050048,
        0.9822659270465625,
        0.9913150836561795,
        0.9978483055406132,
        0.9751809720785936,
        0.9039433771486349,
        0.9970469144822968,
        0.978258805658407,
        0.9973089805616787,
        0.9915258249301709,
        0.9984345536699043,
        0.9789285714285715,
        0.9948242398102222,
        0.9948849104859335,
        0.9974324560891638,
        0.9972886297376093,
        0.997399554209293,
        0.9917808219178083,
        0.9310966810966811,
        0.9956059638712585,
        0.993861549571856,
        0.9288943690916563,
        0.9970455408770523,
        0.8782894736842105
      ],
      [
        0.9809348093480935,
        0.9741179073111381,
        0.9963965784333535,
        0.977524049267284,
        0.9654059635988125,
        0.9607980399019951,
        0.0,
        0.9819246861924686,
        0.9716947960618847,
        0.970885814577741,
        0.9669694467382328,
        0.9574728736436822,
        0.9508225411270563,
        0.9511725586279314,
        0.9473223661183059,
        0.9819004524886877,
        0.974197344091444,
        0.9870151986036017,
        0.9972719588104203,
        0.9682523267838676,
        0.96044802240112,
        0.9978689073583584,
        0.9705686888825595,
        0.9991697918754116,
        0.985939497230507,
        0.9975806738534885,
        0.9693734686734337,
        0.9905542376536554,
        0.990715000555988,
        0.9986870514092315,
        0.9973760932944606,
        0.998456878321998,
        0.9863448575777343,
        0.956422821141057,
        0.9954557404138656,
        0.9893737748890952,
        0.9618480924046202,
        0.9950618326087874,
        0.9642982149107455
      ],
      [
        0.98086647533142,
        0.9769874476987448,
        0.9961608405738533,
        0.9805857740585774,
        0.9817573221757322,
        0.9840167364016736,
        0.9819246861924686,
        0.0,
        0.9634309623430962,
        0.9769874476987448,
        0.9762343096234309,
        0.9810878661087866,
        0.9799163179916318,
        0.9807531380753138,
        0.9801673640167364,
        0.9829288358700123,
        0.977489539748954,
        0.9896547320022138,
        0.9985783447321909,
        0.9743933054393306,
        0.985857740585774,
        0.9968338052181326,
        0.9709623430962343,
        0.9998568606681744,
        0.9890640534015055,
        0.9974739388764364,
        0.9904602510460251,
        0.9930127237437999,
        0.9901590125653286,
        0.9993581140222909,
        0.9985714285714286,
        0.9997142367262959,
        0.9904761904761905,
        0.9819246861924686,
        0.9937281706538476,
        0.9905086144640463,
        0.9826778242677824,
        0.9970455408770523,
        0.9851882845188284
      ],
      [
        0.9769714363810305,
        0.9715189873417721,
        0.994679059742709,
        0.9727496483825597,
        0.9714310829817159,
        0.9821554149085795,
        0.9716947960618847,
        0.9634309623430962,
        0.0,
        0.9758263009845288,
        0.9763537271448663,
        0.9805731364275668,
        0.977936005625879,
        0.9785513361462729,
        0.9790787623066104,
        0.9834087481146304,
        0.9760463943519919,
        0.9915279492528417,
        0.9972719588104203,
        0.9761779184247539,
        0.9832102672292545,
        0.9953115961883886,
        0.9739803094233473,
        0.9984827230826486,
        0.9901529138853382,
        0.9966556373857046,
        0.9891877637130801,
        0.9921500970455036,
        0.9914933837429112,
        0.99787010561942,
        0.9975510204081632,
        0.9980568097388124,
        0.9891280713198521,
        0.9834739803094233,
        0.9939535058399369,
        0.9894769421231817,
        0.9840893108298172,
        0.9962436162579665,
        0.9860232067510548
      ],
      [
        0.9790897908979089,
        0.9674788354325831,
        0.9957903953660672,
        0.9758158770115976,
        0.9647945488333678,
        0.9783192236217221,
        0.970885814577741,
        0.9769874476987448,
        0.9758263009845288,
        0.0,
        0.9475639966969447,
        0.770390253974809,
        0.7576915135246748,
        0.7721453644435268,
        0.8641338013627916,
        0.9805292746469217,
        0.972768532526475,
        0.9904636212695305,
        0.9971566894643817,
        0.969646913070411,
        0.9816229609746026,
        0.9966206959539684,
        0.9675306180575335,
        1.0,
        0.9880225346778393,
        0.9969402639911765,
        0.9912244476564113,
        0.9925814103946518,
        0.9908261981541199,
        0.9989496411273852,
        0.9984548104956268,
        0.9985711836314797,
        0.987866927592955,
        0.9787321907908322,
        0.9948548465842941,
        0.9889611059527494,
        0.98131323559777,
        0.9972565736715485,
        0.9834813132355977
      ],
      [
        0.9766981003143365,
        0.9689306358381503,
        0.9942412608607799,
        0.9732086667266026,
        0.9714079273327828,
        0.9794591246903386,
        0.9669694467382328,
        0.9762343096234309,
        0.9763537271448663,
        0.9475639966969447,
        0.0,
        0.7697151114781172,
        0.7614574731626754,
        0.7734310487200661,
        0.8638521882741536,
        0.9788838612368024,
        0.9744494873087914,
        0.989484439524884,
        0.9966187658495351,
        0.9694467382328654,
        0.981626754748142,
        0.9969251377599172,
        0.9671508592044052,
        1.0,
        0.9875017753160062,
        0.9975095172021204,
        0.9901940545004129,
        0.9929264610739702,
        0.990770599355054,
        0.9992997607515901,
        0.9985422740524781,
        0.9988569469051838,
        0.9876060013046314,
        0.9787365813377374,
        0.9950426259060352,
        0.9890642731868359,
        0.9806977704376548,
        0.9977630523783396,
        0.9836911643270024
      ],
      [
        0.9622796227962279,
        0.9389448069903772,
        0.9976089445679261,
        0.9599029038928346,
        0.9681166903317413,
        0.9545454545454546,
        0.9574728736436822,
        0.9810878661087866,
        0.9805731364275668,
        0.770390253974809,
        0.7697151114781172,
        0.0,
        0.3340435606060606,
        0.3230697457429438,
        0.7245520771805474,
        0.9763471822295352,
        0.9768028240040343,
        0.9882498190642428,
        0.9962729578114193,
        0.9728024819027922,
        0.953125,
        0.9963162541480196,
        0.9708535080224058,
        0.9981964444189975,
        0.9873597500355064,
        0.9979008787846444,
        0.97875,
        0.9925814103946518,
        0.9930501501167575,
        0.9982494018789753,
        0.9977259475218659,
        0.9974567068640339,
        0.9877364644487933,
        0.9450757575757576,
        0.9952679610921246,
        0.9913855359537811,
        0.9519412878787878,
        0.9960747900223694,
        0.9538352272727273
      ],
      [
        0.955719557195572,
        0.926888618515651,
        0.9970027615006398,
        0.9558572327609458,
        0.9568865367238931,
        0.9518365361225979,
        0.9508225411270563,
        0.9799163179916318,
        0.977936005625879,
        0.7576915135246748,
        0.7614574731626754,
        0.3340435606060606,
        0.0,
        0.3249358525775601,
        0.7343965347509352,
        0.9759358288770054,
        0.9758782988737603,
        0.9882498190642428,
        0.9963882271574579,
        0.9738366080661841,
        0.9503770372172221,
        0.9966511401345632,
        0.9713282065888161,
        0.997852910022616,
        0.9878331676371728,
        0.9978653004589604,
        0.97875,
        0.9923657537200776,
        0.9932725453130212,
        0.9979284588901208,
        0.9966763848396502,
        0.9973709778819226,
        0.9875190258751902,
        0.9423497932376551,
        0.9959439666503924,
        0.9921592902094295,
        0.9481877888591583,
        0.9965390621702612,
        0.9532960350279738
      ],
      [
        0.959956266229329,
        0.9367326623161155,
        0.9972048225230686,
        0.9577452126224939,
        0.966438621401833,
        0.9573128061581525,
        0.9511725586279314,
        0.9807531380753138,
        0.9785513361462729,
        0.7721453644435268,
        0.7734310487200661,
        0.3230697457429438,
        0.3249358525775601,
        0.0,
        0.7282929710572947,
        0.9771013300425065,
        0.9767187762649184,
        0.9875260760355912,
        0.9960808422346884,
        0.973216132368149,
        0.9531140657802659,
        0.996712028495753,
        0.9718029051552264,
        0.9983395837508231,
        0.987407091795673,
        0.9981143487387484,
        0.975,
        0.9920207030407591,
        0.9920493717335706,
        0.9985703448678298,
        0.9976093294460642,
        0.9977710464651083,
        0.9871711241574255,
        0.9456496384418008,
        0.9960190783790889,
        0.9915402868049108,
        0.9512479589456496,
        0.9961169965812687,
        0.9528808024259389
      ],
      [
        0.967063003963373,
        0.9371750912509678,
        0.9960261332255674,
        0.9532500224759507,
        0.9654059635988125,
        0.9588501673557787,
        0.9473223661183059,
        0.9801673640167364,
        0.9790787623066104,
        0.8641338013627916,
        0.8638521882741536,
        0.7245520771805474,
        0.7343965347509352,
        0.7282929710572947,
        0.0,
        0.9780611545317428,
        0.9770549672213817,
        0.9879943803482482,
        0.9984246522708061,
        0.9747673216132369,
        0.9553061626304391,
        0.9968338052181326,
        0.9689547137567645,
        0.998081932953537,
        0.9896794962836718,
        0.9976518305048564,
        0.9753571428571428,
        0.9932715117532888,
        0.9942177248971422,
        0.9976950458073175,
        0.9974927113702624,
        0.9972280962450706,
        0.9851272015655578,
        0.9549123843276236,
        0.9954557404138656,
        0.9927267099969049,
        0.9543217168734003,
        0.9959903769045709,
        0.9598346131128175
      ],
      [
        0.9825748257482575,
        0.9822432469491293,
        0.9960261332255674,
        0.983751542575072,
        0.9842314548196901,
        0.989167695050048,
        0.9819004524886877,
        0.9829288358700123,
        0.9834087481146304,
        0.9805292746469217,
        0.9788838612368024,
        0.9763471822295352,
        0.9759358288770054,
        0.9771013300425065,
        0.9780611545317428,
        0.0,
        0.9787467434526258,
        0.9896973051215463,
        0.9984246522708061,
        0.9793637734814206,
        0.9889620183737831,
        0.9962553657868298,
        0.9744960921431509,
        0.9997423492027139,
        0.9903896226861715,
        0.9983989753442203,
        0.9912930207047854,
        0.9920638343756739,
        0.9930501501167575,
        0.9981035187022232,
        0.9985422740524781,
        0.9988855232325542,
        0.9861274190041314,
        0.9851912793089264,
        0.9946295113982049,
        0.9928298772309915,
        0.9868366927190456,
        0.9973831933482463,
        0.9888934594816948
      ],
      [
        0.981549815498155,
        0.977391158177845,
        0.9959251027143531,
        0.9803328290468987,
        0.9815094973945201,
        0.9822659270465625,
        0.974197344091444,
        0.977489539748954,
        0.9760463943519919,
        0.972768532526475,
        0.9744494873087914,
        0.9768028240040343,
        0.9758782988737603,
        0.9767187762649184,
        0.9770549672213817,
        0.9787467434526258,
        0.0,
        0.9888884158542296,
        0.9976177668485361,
        0.9726004370482434,
        0.9837787863506472,
        0.997716686455384,
        0.971423768700622,
        1.0,
        0.9897741798040051,
        0.9979720354360124,
        0.9894940326105228,
        0.9919344403709295,
        0.9885466473924164,
        0.9995331738343934,
        0.9999416909620992,
        1.0,
        0.989345509893455,
        0.9826861657421415,
        0.9945543996695084,
        0.9866398431858042,
        0.9828542612203732,
        0.9985649769974254,
        0.9864683140023534
      ],
      [
        0.9905487675081953,
        0.9906764868661927,
        0.9939718461642083,
        0.9916982417301715,
        0.9914853761335093,
        0.9913150836561795,
        0.9870151986036017,
        0.9896547320022138,
        0.9915279492528417,
        0.9904636212695305,
        0.989484439524884,
        0.9882498190642428,
        0.9882498190642428,
        0.9875260760355912,
        0.9879943803482482,
        0.9896973051215463,
        0.9888884158542296,
        0.0,
        0.9979251517713056,
        0.9875260760355912,
        0.9915279492528417,
        0.9944896033123268,
        0.9869300523649368,
        0.9983968394835533,
        0.9873132104389288,
        0.9977941438075925,
        0.9957001149474222,
        0.9927199965941504,
        0.995018945038103,
        0.9965571570286514,
        0.9976093294460642,
        0.9981996913756644,
        0.9885904040189024,
        0.9909319255821875,
        0.9927892740451422,
        0.993614032100132,
        0.9913150836561795,
        0.9968767146414553,
        0.9923368385201584
      ],
      [
        0.997809882425267,
        0.9974256512718052,
        0.9921869737994208,
        0.9983478060401137,
        0.9984630753861523,
        0.9978483055406132,
        0.9972719588104203,
        0.9985783447321909,
        0.9972719588104203,
        0.9971566894643817,
        0.9966187658495351,
        0.9962729578114193,
        0.9963882271574579,
        0.9960808422346884,
        0.9984246522708061,
        0.9984246522708061,
        0.9976177668485361,
        0.9979251517713056,
        0.0,
        0.9968493045416122,
        0.9976946130792285,
        0.9913538527110543,
        0.9958887266579575,
        0.9933869628696573,
        0.9951202643510336,
        0.9932401181200413,
        1.0,
        0.9988473065396142,
        1.0,
        0.9931434906926533,
        0.9938775510204082,
        0.9919986283362863,
        0.9960808422346884,
        0.9972335356950741,
        0.9866301122920345,
        0.9976561899638823,
        0.997387228156459,
        0.9936217628525321,
        0.9972335356950741
      ],
      [
        0.9809348093480935,
        0.9723888314374354,
        0.9950831817875665,
        0.9780634720848692,
        0.9716649431230611,
        0.9751809720785936,
        0.9682523267838676,
        0.9743933054393306,
        0.9761779184247539,
        0.969646913070411,
        0.9694467382328654,
        0.9728024819027922,
        0.9738366080661841,
        0.973216132368149,
        0.9747673216132369,
        0.9793637734814206,
        0.9726004370482434,
        0.9875260760355912,
        0.9968493045416122,
        0.0,
        0.9819027921406411,
        0.9982037933449022,
        0.9710433874489699,
        1.0,
        0.989253420442172,
        0.9985057103212723,
        0.9894519131334023,
        0.9929264610739702,
        0.9915489825419771,
        0.9994164672929917,
        0.9989212827988339,
        0.9999714236726296,
        0.9883018047401609,
        0.981799379524302,
        0.9952304052277763,
        0.9887031878675333,
        0.9831437435367115,
        0.9975520195838433,
        0.9840744570837642
      ],
      [
        0.98906655733224,
        0.9815285919699148,
        0.9979120361015693,
        0.984806257304684,
        0.9736672260229766,
        0.9039433771486349,
        0.96044802240112,
        0.985857740585774,
        0.9832102672292545,
        0.9816229609746026,
        0.981626754748142,
        0.953125,
        0.9503770372172221,
        0.9531140657802659,
        0.9553061626304391,
        0.9889620183737831,
        0.9837787863506472,
        0.9915279492528417,
        0.9976946130792285,
        0.9819027921406411,
        0.0,
        0.9955247054525528,
        0.9772144688123042,
        0.997394864160774,
        0.9902475974056716,
        0.9981143487387484,
        0.9792857142857143,
        0.9931421177485443,
        0.9935505393083509,
        0.9974908093598647,
        0.9969679300291545,
        0.9967137223524033,
        0.9898238747553816,
        0.9310966810966811,
        0.9938783941112405,
        0.9921592902094295,
        0.9256062474311549,
        0.9967923015236567,
        0.9054600606673407
      ],
      [
        0.996224921606235,
        0.9965598075927786,
        0.9877309952202636,
        0.9958291472585016,
        0.9957378147167169,
        0.9970469144822968,
        0.9978689073583584,
        0.9968338052181326,
        0.9953115961883886,
        0.9966206959539684,
        0.9969251377599172,
        0.9963162541480196,
        0.9966511401345632,
        0.996712028495753,
        0.9968338052181326,
        0.9962553657868298,
        0.997716686455384,
        0.9944896033123268,
        0.9913538527110543,
        0.9982037933449022,
        0.9955247054525528,
        0.0,
        0.9975949097330046,
        0.9880621797257451,
        1.0,
        0.9958595914390964,
        1.0,
        0.9997868907358358,
        1.0,
        0.9906051234171676,
        0.9886880466472303,
        0.9881122478139109,
        0.9992084513045332,
        0.998508235150851,
        0.9900447529454744,
        1.0,
        0.9980820166225226,
        0.995950923980881,
        0.9972904679270558
      ],
      [
        0.977723110564439,
        0.9694294123231748,
        0.9948811207651377,
        0.9725793401060865,
        0.9659166429317384,
        0.978258805658407,
        0.9705686888825595,
        0.9709623430962343,
        0.9739803094233473,
        0.9675306180575335,
        0.9671508592044052,
        0.9708535080224058,
        0.9713282065888161,
        0.9718029051552264,
        0.9689547137567645,
        0.9744960921431509,
        0.971423768700622,
        0.9869300523649368,
        0.9958887266579575,
        0.9710433874489699,
        0.9772144688123042,
        0.9975949097330046,
        0.0,
        0.9987976296126649,
        0.9889693698811722,
        0.9971181556195965,
        0.9894616918256907,
        0.992969592408885,
        0.9911041921494496,
        0.9983077551496762,
        0.9973469387755102,
        0.9981425387209236,
        0.9880843661665579,
        0.981201936770151,
        0.9931648326886243,
        0.9916950376560404,
        0.9824361530428178,
        0.9972143671126493,
        0.9831956707490743
      ],
      [
        1.0,
        0.998568606681744,
        0.9907531991640663,
        0.999770977069079,
        0.997394864160774,
        0.9973089805616787,
        0.9991697918754116,
        0.9998568606681744,
        0.9984827230826486,
        1.0,
        1.0,
        0.9981964444189975,
        0.997852910022616,
        0.9983395837508231,
        0.998081932953537,
        0.9997423492027139,
        1.0,
        0.9983968394835533,
        0.9933869628696573,
        1.0,
        0.997394864160774,
        0.9880621797257451,
        0.9987976296126649,
        0.0,
        1.0,
        0.9972517248289485,
        1.0,
        1.0,
        1.0,
        0.9910967335604477,
        0.9873464830666171,
        0.9867691604275018,
        1.0,
        0.9990266525435859,
        0.9918410580859408,
        1.0,
        0.999284303340872,
        0.9987690017462999,
        0.9980246772208068
      ],
      [
        0.9894427874828386,
        0.9888746863608389,
        0.9956220111807099,
        0.990721015007338,
        0.9910997490886712,
        0.9915258249301709,
        0.985939497230507,
        0.9890640534015055,
        0.9901529138853382,
        0.9880225346778393,
        0.9875017753160062,
        0.9873597500355064,
        0.9878331676371728,
        0.987407091795673,
        0.9896794962836718,
        0.9903896226861715,
        0.9897741798040051,
        0.9873132104389288,
        0.9951202643510336,
        0.989253420442172,
        0.9902475974056716,
        1.0,
        0.9889693698811722,
        1.0,
        0.0,
        0.9982922403671683,
        0.9942716470198362,
        0.9935302997627776,
        0.9936088623775032,
        0.999503997199043,
        0.9991545189504373,
        0.9992570154883694,
        0.9910850184822787,
        0.9910050655683378,
        0.99620685770083,
        0.9932774700563367,
        0.990721015007338,
        0.9989026294686194,
        0.9916678502106708
      ],
      [
        0.9972960472480165,
        0.9973316255737005,
        0.9921196201252779,
        0.9960152275233928,
        0.9971181556195965,
        0.9984345536699043,
        0.9975806738534885,
        0.9974739388764364,
        0.9966556373857046,
        0.9969402639911765,
        0.9975095172021204,
        0.9979008787846444,
        0.9978653004589604,
        0.9981143487387484,
        0.9976518305048564,
        0.9983989753442203,
        0.9979720354360124,
        0.9977941438075925,
        0.9932401181200413,
        0.9985057103212723,
        0.9981143487387484,
        0.9958595914390964,
        0.9971181556195965,
        0.9972517248289485,
        0.9982922403671683,
        0.0,
        0.9994307467890561,
        0.9974383605507525,
        0.9980431920873803,
        0.9938729065764136,
        0.9924198250728863,
        0.9909698805509516,
        0.9969402639911765,
        0.9992528551606361,
        0.9881168392215463,
        0.9971181556195965,
        0.9996797950688441,
        0.994769986124453,
        0.9983633970185363
      ],
      [
        0.989886565532322,
        0.9877225970578476,
        0.9980130666127838,
        0.9904701968893285,
        0.9882535174906415,
        0.9789285714285715,
        0.9693734686734337,
        0.9904602510460251,
        0.9891877637130801,
        0.9912244476564113,
        0.9901940545004129,
        0.97875,
        0.97875,
        0.975,
        0.9753571428571428,
        0.9912930207047854,
        0.9894940326105228,
        0.9957001149474222,
        1.0,
        0.9894519131334023,
        0.9792857142857143,
        1.0,
        0.9894616918256907,
        1.0,
        0.9942716470198362,
        0.9994307467890561,
        0.0,
        0.9944360577959888,
        0.9923273657289002,
        1.0,
        1.0,
        1.0,
        0.9927375516416612,
        0.9782142857142857,
        0.9978968715964998,
        0.9920045393582998,
        0.9819642857142857,
        0.996159203140168,
        0.9728571428571429
      ],
      [
        0.992969592408885,
        0.9924951477248221,
        0.9954536269953526,
        0.9926245417295665,
        0.9942635324563295,
        0.9948242398102222,
        0.9905542376536554,
        0.9930127237437999,
        0.9921500970455036,
        0.9925814103946518,
        0.9929264610739702,
        0.9925814103946518,
        0.9923657537200776,
        0.9920207030407591,
        0.9932715117532888,
        0.9920638343756739,
        0.9919344403709295,
        0.9927199965941504,
        0.9988473065396142,
        0.9929264610739702,
        0.9931421177485443,
        0.9997868907358358,
        0.992969592408885,
        1.0,
        0.9935302997627776,
        0.9974383605507525,
        0.9944360577959888,
        0.0,
        0.9932283804183739,
        0.9960611542276945,
        0.9964431486880466,
        0.9970280619534777,
        0.9914599956868665,
        0.9905973689885702,
        0.9923010478086153,
        0.9938322191071813,
        0.9915031270217813,
        0.9966234752880597,
        0.9931421177485443
      ],
      [
        0.9929945513176915,
        0.9896030245746692,
        0.9962955479221391,
        0.9916601801401089,
        0.9941065272990104,
        0.9948849104859335,
        0.990715000555988,
        0.9901590125653286,
        0.9914933837429112,
        0.9908261981541199,
        0.990770599355054,
        0.9930501501167575,
        0.9932725453130212,
        0.9920493717335706,
        0.9942177248971422,
        0.9930501501167575,
        0.9885466473924164,
        0.995018945038103,
        1.0,
        0.9915489825419771,
        0.9935505393083509,
        1.0,
        0.9911041921494496,
        1.0,
        0.9936088623775032,
        0.9980431920873803,
        0.9923273657289002,
        0.9932283804183739,
        0.0,
        1.0,
        1.0,
        1.0,
        0.9913894324853229,
        0.9882686533970866,
        0.9960941901077853,
        0.9889095223357062,
        0.9892138329812076,
        0.9973831933482463,
        0.9914933837429112
      ],
      [
        0.9985411682324794,
        0.9985411682324794,
        0.9918888953725856,
        0.9976658691719671,
        0.9976075159012663,
        0.9974324560891638,
        0.9986870514092315,
        0.9993581140222909,
        0.99787010561942,
        0.9989496411273852,
        0.9992997607515901,
        0.9982494018789753,
        0.9979284588901208,
        0.9985703448678298,
        0.9976950458073175,
        0.9981035187022232,
        0.9995331738343934,
        0.9965571570286514,
        0.9931434906926533,
        0.9994164672929917,
        0.9974908093598647,
        0.9906051234171676,
        0.9983077551496762,
        0.9910967335604477,
        0.999503997199043,
        0.9938729065764136,
        1.0,
        0.9960611542276945,
        1.0,
        0.0,
        0.9895043731778426,
        0.9884551637423559,
        1.0,
        0.9993581140222909,
        0.99503997199043,
        1.0,
        0.9993289373869405,
        0.9997374102818463,
        0.9980743420668728
      ],
      [
        0.9983673469387755,
        0.9974344023323615,
        0.9897084548104956,
        0.9970553935860058,
        0.9958309037900874,
        0.9972886297376093,
        0.9973760932944606,
        0.9985714285714286,
        0.9975510204081632,
        0.9984548104956268,
        0.9985422740524781,
        0.9977259475218659,
        0.9966763848396502,
        0.9976093294460642,
        0.9974927113702624,
        0.9985422740524781,
        0.9999416909620992,
        0.9976093294460642,
        0.9938775510204082,
        0.9989212827988339,
        0.9969679300291545,
        0.9886880466472303,
        0.9973469387755102,
        0.9873464830666171,
        0.9991545189504373,
        0.9924198250728863,
        1.0,
        0.9964431486880466,
        1.0,
        0.9895043731778426,
        0.0,
        0.9880550951591701,
        0.999533527696793,
        0.9987463556851311,
        0.9920991253644315,
        1.0,
        0.9986588921282799,
        0.9978134110787172,
        0.9978425655976676
      ],
      [
        0.9991427101788878,
        0.9982568440304053,
        0.9898268274561354,
        0.9982854203577756,
        0.9970566382808481,
        0.997399554209293,
        0.998456878321998,
        0.9997142367262959,
        0.9980568097388124,
        0.9985711836314797,
        0.9988569469051838,
        0.9974567068640339,
        0.9973709778819226,
        0.9977710464651083,
        0.9972280962450706,
        0.9988855232325542,
        1.0,
        0.9981996913756644,
        0.9919986283362863,
        0.9999714236726296,
        0.9967137223524033,
        0.9881122478139109,
        0.9981425387209236,
        0.9867691604275018,
        0.9992570154883694,
        0.9909698805509516,
        1.0,
        0.9970280619534777,
        1.0,
        0.9884551637423559,
        0.9880550951591701,
        0.0,
        0.9997428130536663,
        0.9993998971252215,
        0.9918271703720638,
        1.0,
        0.9989998285420357,
        0.9988283705778134,
        0.9979710807567012
      ],
      [
        0.9885627310284845,
        0.9887801696020874,
        0.995554657506567,
        0.9903022396173081,
        0.9880408784518373,
        0.9917808219178083,
        0.9863448575777343,
        0.9904761904761905,
        0.9891280713198521,
        0.987866927592955,
        0.9876060013046314,
        0.9877364644487933,
        0.9875190258751902,
        0.9871711241574255,
        0.9851272015655578,
        0.9861274190041314,
        0.989345509893455,
        0.9885904040189024,
        0.9960808422346884,
        0.9883018047401609,
        0.9898238747553816,
        0.9992084513045332,
        0.9880843661665579,
        1.0,
        0.9910850184822787,
        0.9969402639911765,
        0.9927375516416612,
        0.9914599956868665,
        0.9913894324853229,
        1.0,
        0.999533527696793,
        0.9997428130536663,
        0.0,
        0.9899543378995433,
        0.9925639388590528,
        0.9932159165035878,
        0.9920852359208524,
        0.9974253999071455,
        0.9927375516416612
      ],
      [
        0.9881782151154845,
        0.976551266452826,
        0.9966323162928538,
        0.9830980850489975,
        0.9754743771782626,
        0.9310966810966811,
        0.956422821141057,
        0.9819246861924686,
        0.9834739803094233,
        0.9787321907908322,
        0.9787365813377374,
        0.9450757575757576,
        0.9423497932376551,
        0.9456496384418008,
        0.9549123843276236,
        0.9851912793089264,
        0.9826861657421415,
        0.9909319255821875,
        0.9972335356950741,
        0.981799379524302,
        0.9310966810966811,
        0.998508235150851,
        0.981201936770151,
        0.9990266525435859,
        0.9910050655683378,
        0.9992528551606361,
        0.9782142857142857,
        0.9905973689885702,
        0.9882686533970866,
        0.9993581140222909,
        0.9987463556851311,
        0.9993998971252215,
        0.9899543378995433,
        0.0,
        0.9938783941112405,
        0.9905086144640463,
        0.8679653679653679,
        0.996159203140168,
        0.8701298701298701
      ],
      [
        0.9948924024486424,
        0.9955684080069103,
        0.9864282346602007,
        0.9938783941112405,
        0.9939910617042851,
        0.9956059638712585,
        0.9954557404138656,
        0.9937281706538476,
        0.9939535058399369,
        0.9948548465842941,
        0.9950426259060352,
        0.9952679610921246,
        0.9959439666503924,
        0.9960190783790889,
        0.9954557404138656,
        0.9946295113982049,
        0.9945543996695084,
        0.9927892740451422,
        0.9866301122920345,
        0.9952304052277763,
        0.9938783941112405,
        0.9900447529454744,
        0.9931648326886243,
        0.9918410580859408,
        0.99620685770083,
        0.9881168392215463,
        0.9978968715964998,
        0.9923010478086153,
        0.9960941901077853,
        0.99503997199043,
        0.9920991253644315,
        0.9918271703720638,
        0.9925639388590528,
        0.9938783941112405,
        0.0,
        0.998798212340857,
        0.9974837570886694,
        0.9962444135651782,
        0.9973335336312765
      ],
      [
        0.9941710512741153,
        0.9901991127617868,
        0.9959251027143531,
        0.991127617868565,
        0.9921592902094295,
        0.993861549571856,
        0.9893737748890952,
        0.9905086144640463,
        0.9894769421231817,
        0.9889611059527494,
        0.9890642731868359,
        0.9913855359537811,
        0.9921592902094295,
        0.9915402868049108,
        0.9927267099969049,
        0.9928298772309915,
        0.9866398431858042,
        0.993614032100132,
        0.9976561899638823,
        0.9887031878675333,
        0.9921592902094295,
        1.0,
        0.9916950376560404,
        1.0,
        0.9932774700563367,
        0.9971181556195965,
        0.9920045393582998,
        0.9938322191071813,
        0.9889095223357062,
        1.0,
        1.0,
        1.0,
        0.9932159165035878,
        0.9905086144640463,
        0.998798212340857,
        0.0,
        0.9879294336118849,
        0.9973831933482463,
        0.9896832765913546
      ],
      [
        0.988383217165505,
        0.9782103749585223,
        0.9972048225230686,
        0.9838173154724444,
        0.976248870530528,
        0.9288943690916563,
        0.9618480924046202,
        0.9826778242677824,
        0.9840893108298172,
        0.98131323559777,
        0.9806977704376548,
        0.9519412878787878,
        0.9481877888591583,
        0.9512479589456496,
        0.9543217168734003,
        0.9868366927190456,
        0.9828542612203732,
        0.9913150836561795,
        0.997387228156459,
        0.9831437435367115,
        0.9256062474311549,
        0.9980820166225226,
        0.9824361530428178,
        0.999284303340872,
        0.990721015007338,
        0.9996797950688441,
        0.9819642857142857,
        0.9915031270217813,
        0.9892138329812076,
        0.9993289373869405,
        0.9986588921282799,
        0.9989998285420357,
        0.9920852359208524,
        0.8679653679653679,
        0.9974837570886694,
        0.9879294336118849,
        0.0,
        0.9957793441100747,
        0.7990135635018496
      ],
      [
        0.9974253999071455,
        0.9979740851728358,
        0.9927258031925642,
        0.9966234752880597,
        0.9976364327016418,
        0.9970455408770523,
        0.9950618326087874,
        0.9970455408770523,
        0.9962436162579665,
        0.9972565736715485,
        0.9977630523783396,
        0.9960747900223694,
        0.9965390621702612,
        0.9961169965812687,
        0.9959903769045709,
        0.9973831933482463,
        0.9985649769974254,
        0.9968767146414553,
        0.9936217628525321,
        0.9975520195838433,
        0.9967923015236567,
        0.995950923980881,
