{
  "2gram": {
    "n": 2,
    "similarity_matrix": [
      [
        0.9999999999999951,
        0.9874938842564205,
        0.9835555265321965,
        0.9876870264453506,
        0.9767004853342272,
        0.8369708089666688,
        0.8953655893591608,
        0.9546421882430338,
        0.9432859091666111,
        0.9783555379257407,
        0.9785115973018923,
        0.983157169574025,
        0.981641623654115,
        0.981653172312159,
        0.9741190847850019,
        0.978792884589492,
        0.9658333544527207,
        0.958336631900773,
        0.9466014344712422,
        0.9401055533816038,
        0.8901799924215373,
        0.9716845425816609,
        0.9701023066123928,
        0.9765259532304293,
        0.9497752096528742,
        0.9722173387953662,
        0.8522396019743015,
        0.9459884491677717,
        0.9565544888617027,
        0.9604181222823011,
        0.9886883959905948,
        0.9641005953990063,
        0.978606583559008,
        0.9491019961886168,
        0.7616295107651709,
        0.9347163592540971,
        0.9387345803827317,
        0.8947649764866675,
        0.8672340705565565
      ],
      [
        0.9874938842564205,
        1.0000000000000022,
        0.9910423279607001,
        0.9925231782966414,
        0.9822048032699983,
        0.8712199400968612,
        0.9345786862149196,
        0.9683510618307118,
        0.9579309967005017,
        0.9889691888274187,
        0.9891175806746778,
        0.9921253981159132,
        0.9900388817171901,
        0.9897665267761586,
        0.9835935397881506,
        0.9878812917647325,
        0.9704193006742213,
        0.9757619992415304,
        0.9600380867281272,
        0.959399710362357,
        0.9137461252225194,
        0.9665322709335397,
        0.9758410553323918,
        0.9667134063316526,
        0.9706104661186687,
        0.9813069415868093,
        0.8673751825508372,
        0.9614583204626436,
        0.9695054715305906,
        0.9492203096745928,
        0.9824068021988879,
        0.972237953986245,
        0.9844779071074696,
        0.9685686905447823,
        0.7972376284927014,
        0.9572396989597277,
        0.9588089343539175,
        0.9204019905683883,
        0.8945830604671792
      ],
      [
        0.9835555265321965,
        0.9910423279607001,
        0.9999999999999881,
        0.9834209324278977,
        0.9755665821934704,
        0.8671377590018743,
        0.9368284627186753,
        0.9749351025418374,
        0.9648405420827119,
        0.9823519538957259,
        0.9826439968468981,
        0.9842849867239182,
        0.9803144295835446,
        0.9816143054862733,
        0.9740458413210645,
        0.9848550495866788,
        0.9776359715202726,
        0.9776437226015114,
        0.9640357052408968,
        0.9613003579688599,
        0.9148315392209153,
        0.9764252739102603,
        0.9713529458411979,
        0.9732681100931178,
        0.9734027804934513,
        0.9767773924594636,
        0.8567855190672317,
        0.9630588962910545,
        0.9747815626710492,
        0.9541279919198945,
        0.9809853114897956,
        0.9804401025928235,
        0.9851036029499733,
        0.9637225806940606,
        0.8013568526068756,
        0.9629737526479428,
        0.955778932654963,
        0.9259598344264155,
        0.8827003030361422
      ],
      [
        0.9876870264453506,
        0.9925231782966414,
        0.9834209324278977,
        1.0000000000000007,
        0.9880273933156436,
        0.8560711432740086,
        0.912007503238895,
        0.9546597576567244,
        0.9571721278861712,
        0.9835280889339676,
        0.9843473758582628,
        0.986181188604312,
        0.985886196664071,
        0.983804739069162,
        0.9816797180589735,
        0.9812332228042568,
        0.961945927724015,
        0.9637619085669665,
        0.9445759821721598,
        0.9447566318858514,
        0.9114380664872438,
        0.956282967746864,
        0.9701968514002721,
        0.965993079957927,
        0.9588704032067301,
        0.979223202683522,
        0.8611087104768014,
        0.9588460915694188,
        0.9595833896567896,
        0.9479487598435231,
        0.9841172706440714,
        0.963021826200835,
        0.9763361664204683,
        0.9537782635112615,
        0.7842482760858797,
        0.9432417372695301,
        0.9478337604179204,
        0.9108303407700113,
        0.8734943805757901
      ],
      [
        0.9767004853342272,
        0.9822048032699983,
        0.9755665821934704,
        0.9880273933156436,
        1.0000000000000064,
        0.8551859958254491,
        0.907152415571285,
        0.9489161919719179,
        0.9667451402033259,
        0.9691956351441512,
        0.9699078410974027,
        0.9737107201925985,
        0.9746723313761101,
        0.9720684459020137,
        0.9718522387884935,
        0.9720371185816671,
        0.9584676574371617,
        0.9578213275765849,
        0.9378581977409416,
        0.9401112550189357,
        0.9112312972057551,
        0.9500825493334638,
        0.9645288168052091,
        0.959792417541276,
        0.948394044500257,
        0.9631769451039565,
        0.8532233593052038,
        0.9542396226232756,
        0.9480622020826157,
        0.9312749031704636,
        0.9712378763699349,
        0.9593260799649882,
        0.9687819385933264,
        0.9411024120935294,
        0.7956294620803981,
        0.9322544993492045,
        0.9413282522638277,
        0.9047962522636445,
        0.8686556267990857
      ],
      [
        0.8369708089666688,
        0.8712199400968612,
        0.8671377590018743,
        0.8560711432740086,
        0.8551859958254491,
        0.9999999999999996,
        0.9301118861881529,
        0.9287936547722144,
        0.8956607316026715,
        0.8917039095532592,
        0.8854621628100161,
        0.8719285749934083,
        0.868112022179176,
        0.8739243232711696,
        0.9102308859017265,
        0.8923167593141367,
        0.9220642371342155,
        0.9158764910410592,
        0.8898576467998334,
        0.9023397155557191,
        0.9409193448816837,
        0.8873071455594643,
        0.9042324544699956,
        0.8796996652935806,
        0.9311523052976397,
        0.8281041176304081,
        0.825267586258405,
        0.8905562939664053,
        0.8912195008900918,
        0.8307124372237369,
        0.7926174712292898,
        0.8960839986446408,
        0.8984037020870203,
        0.8878007325014935,
        0.8334754009919129,
        0.8624460946041885,
        0.9129155020599324,
        0.8158584528916412,
        0.9083216332816239
      ],
      [
        0.8953655893591608,
        0.9345786862149196,
        0.9368284627186753,
        0.912007503238895,
        0.907152415571285,
        0.9301118861881529,
        0.9999999999999977,
        0.9531662183685071,
        0.9392616286482143,
        0.9444603243914039,
        0.9412113736131074,
        0.9354738849611587,
        0.9314521888864216,
        0.9358591544285182,
        0.946415433669026,
        0.9503858875591669,
        0.9471642502287212,
        0.966522153747816,
        0.9564345945004642,
        0.9645366383043114,
        0.940091885849502,
        0.9227591776816864,
        0.930472135710246,
        0.9052910518317645,
        0.973359167923541,
        0.9077249015929407,
        0.8403004481781349,
        0.936138762434291,
        0.9548165470736474,
        0.8774607820233596,
        0.8761185319874805,
        0.9511927167090555,
        0.9469367161633054,
        0.9543016846046846,
        0.8387537161143169,
        0.9551538703516337,
        0.9609793769826521,
        0.9051996878935643,
        0.9204656618788168
      ],
      [
        0.9546421882430338,
        0.9683510618307118,
        0.9749351025418374,
        0.9546597576567244,
        0.9489161919719179,
        0.9287936547722144,
        0.9531662183685071,
        1.0000000000000018,
        0.9595415802654844,
        0.9702850598978963,
        0.9677599072351496,
        0.9623950884629392,
        0.9560142740868306,
        0.9619748423670221,
        0.9706747558426483,
        0.9718368786443433,
        0.9840977100619461,
        0.9840755844255442,
        0.9628625924373508,
        0.9601298308628008,
        0.9308537428273924,
        0.9769195621318687,
        0.9689005767435698,
        0.9696620746975924,
        0.9846072922180363,
        0.9499469660449048,
        0.8551846680878427,
        0.9665113374895427,
        0.9735281434983484,
        0.9449773436871696,
        0.93512689116377,
        0.9764281868855761,
        0.9807755834920315,
        0.9530696287860262,
        0.8369916192297301,
        0.9564409603546252,
        0.9561816971544367,
        0.9112311075645794,
        0.8974396339057986
      ],
      [
        0.9432859091666111,
        0.9579309967005017,
        0.9648405420827119,
        0.9571721278861712,
        0.9667451402033259,
        0.8956607316026715,
        0.9392616286482143,
        0.9595415802654844,
        0.9999999999999986,
        0.9503831081235291,
        0.9470877829066977,
        0.9477623101387487,
        0.9481822969084026,
        0.9452145004243211,
        0.9614408141900384,
        0.9632833747667039,
        0.9626653909404425,
        0.9592756136919627,
        0.9460041234649197,
        0.9471963763120329,
        0.9445900235829969,
        0.9404379619794515,
        0.9442987998063144,
        0.9451401141942153,
        0.9558339523153347,
        0.9323058422671572,
        0.8407073428755769,
        0.9557430323981462,
        0.9531504164558295,
        0.9026165561115108,
        0.9356843691928464,
        0.9724700720562283,
        0.956440999591222,
        0.9387423062021232,
        0.8316703267534755,
        0.9398646495137152,
        0.9494699389897081,
        0.9096608067837852,
        0.8748425961107915
      ],
      [
        0.9783555379257407,
        0.9889691888274187,
        0.9823519538957259,
        0.9835280889339676,
        0.9691956351441512,
        0.8917039095532592,
        0.9444603243914039,
        0.9702850598978963,
        0.9503831081235291,
        1.0000000000000044,
        0.999195423395534,
        0.9958458134029976,
        0.9941390806563607,
        0.9953629022167215,
        0.988732282938953,
        0.9906697508337835,
        0.9793016372241891,
        0.9815058753002803,
        0.9618407761684178,
        0.9637247402666399,
        0.9284482832210952,
        0.9728044819623669,
        0.9792998269026421,
        0.9716517021061859,
        0.9783204509059324,
        0.9702268170972818,
        0.866426862297605,
        0.9712797627972435,
        0.9745461681955758,
        0.9496171890464034,
        0.9658722644333939,
        0.9699929348616885,
        0.9887734922734202,
        0.9717508149163532,
        0.8044296197807074,
        0.9569495208936383,
        0.9693458619980865,
        0.9148626191892267,
        0.9099596536271343
      ],
      [
        0.9785115973018923,
        0.9891175806746778,
        0.9826439968468981,
        0.9843473758582628,
        0.9699078410974027,
        0.8854621628100161,
        0.9412113736131074,
        0.9677599072351496,
        0.9470877829066977,
        0.999195423395534,
        1.000000000000003,
        0.9958351357779489,
        0.9935712856376482,
        0.9948269024082943,
        0.9862051749636582,
        0.98901546763789,
        0.9759042893402874,
        0.9795528773578922,
        0.9602906052326076,
        0.9623263134665558,
        0.9241568556239041,
        0.9703745813333284,
        0.9774150935813701,
        0.9696566205037348,
        0.9764155853794856,
        0.9710254851340029,
        0.8663089108141069,
        0.9688822780364282,
        0.9723117007722122,
        0.9496174406788271,
        0.9674570468781111,
        0.9671693152173839,
        0.9872096377498695,
        0.9701799498382339,
        0.8003763832505252,
        0.9559330545422882,
        0.9664418490371284,
        0.9151034722638645,
        0.9067027686022999
      ],
      [
        0.983157169574025,
        0.9921253981159132,
        0.9842849867239182,
        0.986181188604312,
        0.9737107201925985,
        0.8719285749934083,
        0.9354738849611587,
        0.9623950884629392,
        0.9477623101387487,
        0.9958458134029976,
        0.9958351357779489,
        1.0000000000000016,
        0.9985953073099608,
        0.9984877765076171,
        0.9868424320784879,
        0.9907927155931,
        0.9730228364161028,
        0.9754248262919567,
        0.95923517863978,
        0.9599474842852566,
        0.9184004379870779,
        0.9688227213098293,
        0.9748934711491822,
        0.9680707655026113,
        0.97005636192885,
        0.973209967930901,
        0.859958915640964,
        0.9655228451318711,
        0.9723099741644787,
        0.9495283892829096,
        0.9736595882229964,
        0.9675288346452382,
        0.9851954903976019,
        0.9728154908192593,
        0.7999916831829929,
        0.9568388044890854,
        0.9661238742831888,
        0.9169146195267787,
        0.905476523382715
      ],
      [
        0.981641623654115,
        0.9900388817171901,
        0.9803144295835446,
        0.985886196664071,
        0.9746723313761101,
        0.868112022179176,
        0.9314521888864216,
        0.9560142740868306,
        0.9481822969084026,
        0.9941390806563607,
        0.9935712856376482,
        0.9985953073099608,
        1.0000000000000024,
        0.9980140934037222,
        0.9863967684526426,
        0.9901152976642557,
        0.970727255728165,
        0.9721503655262612,
        0.9547995981911089,
        0.9561139436195644,
        0.918022530190489,
        0.965863064647752,
        0.9748780499421436,
        0.9666556642425539,
        0.9663526659217218,
        0.9696518957693101,
        0.8568360125128089,
        0.9643214247226051,
        0.9685373477849155,
        0.9439280106515696,
        0.9720743560962364,
        0.9653575756464055,
        0.9829633322183289,
        0.9690954094720761,
        0.8002539979523078,
        0.9518658691393489,
        0.9643137726683101,
        0.9127454826613225,
        0.9015015841644578
      ],
      [
        0.981653172312159,
        0.9897665267761586,
        0.9816143054862733,
        0.983804739069162,
        0.9720684459020137,
        0.8739243232711696,
        0.9358591544285182,
        0.9619748423670221,
        0.9452145004243211,
        0.9953629022167215,
        0.9948269024082943,
        0.9984877765076171,
        0.9980140934037222,
        1.0000000000000022,
        0.987848501494783,
        0.9905805529636498,
        0.9752161233120812,
        0.9751972716737941,
        0.9581915053798366,
        0.9587905324624858,
        0.9191238540625256,
        0.9713883657909635,
        0.9757361142865584,
        0.9699489364500353,
        0.9704932522547085,
        0.9714359889929323,
        0.8603727867330043,
        0.966902815031861,
        0.9740154589458647,
        0.9507728524659059,
        0.9695124220775178,
        0.9674337507517997,
        0.986550177768851,
        0.9740272121968332,
        0.8017045552994555,
        0.9571264111980935,
        0.9690636312819663,
        0.915043387982608,
        0.9088676638585678
      ],
      [
        0.9741190847850019,
        0.9835935397881506,
        0.9740458413210645,
        0.9816797180589735,
        0.9718522387884935,
        0.9102308859017265,
        0.946415433669026,
        0.9706747558426483,
        0.9614408141900384,
        0.988732282938953,
        0.9862051749636582,
        0.9868424320784879,
        0.9863967684526426,
        0.987848501494783,
        0.9999999999999988,
        0.987424943355536,
        0.979013313927989,
        0.9793420320924898,
        0.9588850024589616,
        0.9613929595681133,
        0.9423718655328176,
        0.9668488490482304,
        0.9731717337306528,
        0.9688952698357608,
        0.9753596192710097,
        0.9633000387936308,
        0.86904196581706,
        0.968090050926525,
        0.975554282447633,
        0.94499962572916,
        0.9555174760619016,
        0.9709130806309973,
        0.9838683868207669,
        0.9700327899147754,
        0.8105473602263605,
        0.9547413612999239,
        0.9732382245768593,
        0.9112577909477991,
        0.9195581654137637
      ],
      [
        0.978792884589492,
        0.9878812917647325,
        0.9848550495866788,
        0.9812332228042568,
        0.9720371185816671,
        0.8923167593141367,
        0.9503858875591669,
        0.9718368786443433,
        0.9632833747667039,
        0.9906697508337835,
        0.98901546763789,
        0.9907927155931,
        0.9901152976642557,
        0.9905805529636498,
        0.987424943355536,
        0.9999999999999974,
        0.9811791069779021,
        0.9840296364906157,
        0.9742509088140133,
        0.9747782710023946,
        0.9328549559506608,
        0.9767658917693618,
        0.9825843404536925,
        0.9735090210100417,
        0.9809893691055582,
        0.9703866922191392,
        0.8627297572253263,
        0.9685190326712039,
        0.9806504241321106,
        0.9502573049746803,
        0.9666671177744596,
        0.9858730905858171,
        0.9920743057556478,
        0.9735533772398196,
        0.8294540017232315,
        0.9649234577418621,
        0.9705322310779932,
        0.921434567282531,
        0.9046607574498728
      ],
      [
        0.9658333544527207,
        0.9704193006742213,
        0.9776359715202726,
        0.961945927724015,
        0.9584676574371617,
        0.9220642371342155,
        0.9471642502287212,
        0.9840977100619461,
        0.9626653909404425,
        0.9793016372241891,
        0.9759042893402874,
        0.9730228364161028,
        0.970727255728165,
        0.9752161233120812,
        0.979013313927989,
        0.9811791069779021,
        0.9999999999999978,
        0.9796147477606061,
        0.9639463742958347,
        0.9628844118489702,
        0.9404159091336365,
        0.9868994913747152,
        0.9791069743049673,
        0.9831130545102336,
        0.982089744348074,
        0.9475385616282685,
        0.8573275508555738,
        0.9721886708172541,
        0.9767054139262329,
        0.9498160703666529,
        0.9433700205703638,
        0.9811929700703919,
        0.9881081528653245,
        0.9599520162878903,
        0.8276021904425147,
        0.9511504354325371,
        0.9680698831120714,
        0.9065295517862434,
        0.9075944963302037
      ],
      [
        0.958336631900773,
        0.9757619992415304,
        0.9776437226015114,
        0.9637619085669665,
        0.9578213275765849,
        0.9158764910410592,
        0.966522153747816,
        0.9840755844255442,
        0.9592756136919627,
        0.9815058753002803,
        0.9795528773578922,
        0.9754248262919567,
        0.9721503655262612,
        0.9751972716737941,
        0.9793420320924898,
        0.9840296364906157,
        0.9796147477606061,
        0.9999999999999927,
        0.9711070182039253,
        0.9731172931130543,
        0.9333785399863278,
        0.9741321338125198,
        0.9747840135232402,
        0.967534612535455,
        0.9890478460971317,
        0.9553486900649434,
        0.8588832978983723,
        0.96950215853291,
        0.978264654952319,
        0.9381131174016109,
        0.9406956372893972,
        0.9793137861545836,
        0.9860734561141876,
        0.9621135651396229,
        0.8411820503118437,
        0.9667896344314799,
        0.9654752800540586,
        0.9229905793298325,
        0.9046857599197202
      ],
      [
        0.9466014344712422,
        0.9600380867281272,
        0.9640357052408968,
        0.9445759821721598,
        0.9378581977409416,
        0.8898576467998334,
        0.9564345945004642,
        0.9628625924373508,
        0.9460041234649197,
        0.9618407761684178,
        0.9602906052326076,
        0.95923517863978,
        0.9547995981911089,
        0.9581915053798366,
        0.9588850024589616,
        0.9742509088140133,
        0.9639463742958347,
        0.9711070182039253,
        1.0000000000000115,
        0.9944998754269421,
        0.9063773144286807,
        0.9551035160246777,
        0.9566648877343676,
        0.946836727070346,
        0.9711618392639912,
        0.9479679161460602,
        0.8298706164971835,
        0.9482650516391204,
        0.9716968053627367,
        0.9371278544627386,
        0.9351052458811634,
        0.977117784147628,
        0.97243840223624,
        0.9545450833632363,
        0.8245021019961594,
        0.9608805229213341,
        0.9486016847543269,
        0.9085671352691381,
        0.8808433584317986
      ],
      [
        0.9401055533816038,
        0.959399710362357,
        0.9613003579688599,
        0.9447566318858514,
        0.9401112550189357,
        0.9023397155557191,
        0.9645366383043114,
        0.9601298308628008,
        0.9471963763120329,
        0.9637247402666399,
        0.9623263134665558,
        0.9599474842852566,
        0.9561139436195644,
        0.9587905324624858,
        0.9613929595681133,
        0.9747782710023946,
        0.9628844118489702,
        0.9731172931130543,
        0.9944998754269421,
        1.000000000000002,
        0.9221877491479604,
        0.951633301248632,
        0.9583931286278551,
        0.9421141844262715,
        0.9738595543181635,
        0.9429298324626779,
        0.8395268613002457,
        0.9485872507180647,
        0.9678256579984782,
        0.9256208950752118,
        0.9287223302307746,
        0.9737615395224434,
        0.9716872865872188,
        0.9563146719118224,
        0.839001444510717,
        0.9595372311019866,
        0.9544321297936912,
        0.910674608169674,
        0.8964429776719448
      ],
      [
        0.8901799924215373,
        0.9137461252225194,
        0.9148315392209153,
        0.9114380664872438,
        0.9112312972057551,
        0.9409193448816837,
        0.940091885849502,
        0.9308537428273924,
        0.9445900235829969,
        0.9284482832210952,
        0.9241568556239041,
        0.9184004379870779,
        0.918022530190489,
        0.9191238540625256,
        0.9423718655328176,
        0.9328549559506608,
        0.9404159091336365,
        0.9333785399863278,
        0.9063773144286807,
        0.9221877491479604,
        1.0000000000000002,
        0.9101325364564532,
        0.9237319711320529,
        0.9070624604776543,
        0.939575789066615,
        0.8722312615123612,
        0.8542336850798417,
        0.9225797561652996,
        0.9231934200527468,
        0.8580729403305738,
        0.8641786711170167,
        0.9328424579608603,
        0.9232800074046822,
        0.9301239086516857,
        0.8204131190221159,
        0.9043610194555864,
        0.9584199570950542,
        0.870048066351448,
        0.9302998265143105
      ],
      [
        0.9716845425816609,
        0.9665322709335397,
        0.9764252739102603,
        0.956282967746864,
        0.9500825493334638,
        0.8873071455594643,
        0.9227591776816864,
        0.9769195621318687,
        0.9404379619794515,
        0.9728044819623669,
        0.9703745813333284,
        0.9688227213098293,
        0.965863064647752,
        0.9713883657909635,
        0.9668488490482304,
        0.9767658917693618,
        0.9868994913747152,
        0.9741321338125198,
        0.9551035160246777,
        0.951633301248632,
        0.9101325364564532,
        0.9999999999999984,
        0.9818849559861375,
        0.9923837410030117,
        0.971029457345877,
        0.9459527739239458,
        0.8491231904710101,
        0.9554544232582131,
        0.963972550407885,
        0.9598474736134733,
        0.9494790661952315,
        0.9734906255182592,
        0.9888300359239828,
        0.9435337496725101,
        0.8028437825940316,
        0.9365287944923876,
        0.9464736978220879,
        0.8884650512740819,
        0.8802539923845639
      ],
      [
        0.9701023066123928,
        0.9758410553323918,
        0.9713529458411979,
        0.9701968514002721,
        0.9645288168052091,
        0.9042324544699956,
        0.930472135710246,
        0.9689005767435698,
        0.9442987998063144,
        0.9792998269026421,
        0.9774150935813701,
        0.9748934711491822,
        0.9748780499421436,
        0.9757361142865584,
        0.9731717337306528,
        0.9825843404536925,
        0.9791069743049673,
        0.9747840135232402,
        0.9566648877343676,
        0.9583931286278551,
        0.9237319711320529,
        0.9818849559861375,
        0.9999999999999972,
        0.9797130645188644,
        0.9740074050500812,
        0.9534110478319334,
        0.8617426915505291,
        0.9552207543964374,
        0.9557361931415099,
        0.9486184431539678,
        0.9506150181240939,
        0.9715091646054194,
        0.9889948230432849,
        0.9435385639418108,
        0.8183244859966236,
        0.9300593416037699,
        0.9460294040581512,
        0.889686858462915,
        0.8836606110638313
      ],
      [
        0.9765259532304293,
        0.9667134063316526,
        0.9732681100931178,
        0.965993079957927,
        0.959792417541276,
        0.8796996652935806,
        0.9052910518317645,
        0.9696620746975924,
        0.9451401141942153,
        0.9716517021061859,
        0.9696566205037348,
        0.9680707655026113,
        0.9666556642425539,
        0.9699489364500353,
        0.9688952698357608,
        0.9735090210100417,
        0.9831130545102336,
        0.967534612535455,
        0.946836727070346,
        0.9421141844262715,
        0.9070624604776543,
        0.9923837410030117,
        0.9797130645188644,
        0.999999999999999,
        0.9650133114325857,
        0.9475006000765821,
        0.8396557060679105,
        0.9591594089005212,
        0.9595144604674765,
        0.9647000713099125,
        0.9555949613428144,
        0.9703292531429643,
        0.9855994226463121,
        0.9333450398605277,
        0.7900096919605548,
        0.9287892480259129,
        0.939681802763845,
        0.8859018660460446,
        0.8583549645033259
      ],
      [
        0.9497752096528742,
        0.9706104661186687,
        0.9734027804934513,
        0.9588704032067301,
        0.948394044500257,
        0.9311523052976397,
        0.973359167923541,
        0.9846072922180363,
        0.9558339523153347,
        0.9783204509059324,
        0.9764155853794856,
        0.97005636192885,
        0.9663526659217218,
        0.9704932522547085,
        0.9753596192710097,
        0.9809893691055582,
        0.982089744348074,
        0.9890478460971317,
        0.9711618392639912,
        0.9738595543181635,
        0.939575789066615,
        0.971029457345877,
        0.9740074050500812,
        0.9650133114325857,
        0.9999999999999942,
        0.9496959040740648,
        0.8588293422890926,
        0.9703756416939224,
        0.9797268411364091,
        0.9348301098917536,
        0.9296664377949019,
        0.9800794802348018,
        0.9847399317692354,
        0.9632364262701999,
        0.8534099741308342,
        0.9677705400842689,
        0.9679207318460392,
        0.921639159353479,
        0.9046224191740482
      ],
      [
        0.9722173387953662,
        0.9813069415868093,
        0.9767773924594636,
        0.979223202683522,
        0.9631769451039565,
        0.8281041176304081,
        0.9077249015929407,
        0.9499469660449048,
        0.9323058422671572,
        0.9702268170972818,
        0.9710254851340029,
        0.973209967930901,
        0.9696518957693101,
        0.9714359889929323,
        0.9633000387936308,
        0.9703866922191392,
        0.9475385616282685,
        0.9553486900649434,
        0.9479679161460602,
        0.9429298324626779,
        0.8722312615123612,
        0.9459527739239458,
        0.9534110478319334,
        0.9475006000765821,
        0.9496959040740648,
        1.0000000000000024,
        0.8381843323338468,
        0.9580023881745909,
        0.9701675476783589,
        0.9645757405401368,
        0.9774901847987283,
        0.9518823100178935,
        0.9677280281686095,
        0.9566037331917219,
        0.7674005473747482,
        0.9574948328873691,
        0.9391463037886888,
        0.9181955017607609,
        0.8567821838412235
      ],
      [
        0.8522396019743015,
        0.8673751825508372,
        0.8567855190672317,
        0.8611087104768014,
        0.8532233593052038,
        0.825267586258405,
        0.8403004481781349,
        0.8551846680878427,
        0.8407073428755769,
        0.866426862297605,
        0.8663089108141069,
        0.859958915640964,
        0.8568360125128089,
        0.8603727867330043,
        0.86904196581706,
        0.8627297572253263,
        0.8573275508555738,
        0.8588832978983723,
        0.8298706164971835,
        0.8395268613002457,
        0.8542336850798417,
        0.8491231904710101,
        0.8617426915505291,
        0.8396557060679105,
        0.8588293422890926,
        0.8381843323338468,
        1.0000000000000013,
        0.8225021978636147,
        0.8367071450211486,
        0.8131020065908261,
        0.8328258169102452,
        0.8435936099892241,
        0.8598631373353239,
        0.8620093890609105,
        0.7084731247794659,
        0.8197094161106049,
        0.8645435685869138,
        0.7837340753889596,
        0.8592621808501345
      ],
      [
        0.9459884491677717,
        0.9614583204626436,
        0.9630588962910545,
        0.9588460915694188,
        0.9542396226232756,
        0.8905562939664053,
        0.936138762434291,
        0.9665113374895427,
        0.9557430323981462,
        0.9712797627972435,
        0.9688822780364282,
        0.9655228451318711,
        0.9643214247226051,
        0.966902815031861,
        0.968090050926525,
        0.9685190326712039,
        0.9721886708172541,
        0.96950215853291,
        0.9482650516391204,
        0.9485872507180647,
        0.9225797561652996,
        0.9554544232582131,
        0.9552207543964374,
        0.9591594089005212,
        0.9703756416939224,
        0.9580023881745909,
        0.8225021978636147,
        0.9999999999999996,
        0.9826600540724112,
        0.940680721252959,
        0.9357832092129107,
        0.9640512597219081,
        0.9708785681187027,
        0.9558982944571627,
        0.8232051993990795,
        0.9655100309892478,
        0.9664457078654252,
        0.9302131203614687,
        0.8766347387522585
      ],
      [
        0.9565544888617027,
        0.9695054715305906,
        0.9747815626710492,
        0.9595833896567896,
        0.9480622020826157,
        0.8912195008900918,
        0.9548165470736474,
        0.9735281434983484,
        0.9531504164558295,
        0.9745461681955758,
        0.9723117007722122,
        0.9723099741644787,
        0.9685373477849155,
        0.9740154589458647,
        0.975554282447633,
        0.9806504241321106,
        0.9767054139262329,
        0.978264654952319,
        0.9716968053627367,
        0.9678256579984782,
        0.9231934200527468,
        0.963972550407885,
        0.9557361931415099,
        0.9595144604674765,
        0.9797268411364091,
        0.9701675476783589,
        0.8367071450211486,
        0.9826600540724112,
        1.0,
        0.9554367525647952,
        0.945003737118331,
        0.9784989046918899,
        0.9792522397898165,
        0.9798163108964105,
        0.8256435202617457,
        0.9857416329278723,
        0.9783484431808601,
        0.9387596600503673,
        0.9025805864341714
      ],
      [
        0.9604181222823011,
        0.9492203096745928,
        0.9541279919198945,
        0.9479487598435231,
        0.9312749031704636,
        0.8307124372237369,
        0.8774607820233596,
        0.9449773436871696,
        0.9026165561115108,
        0.9496171890464034,
        0.9496174406788271,
        0.9495283892829096,
        0.9439280106515696,
        0.9507728524659059,
        0.94499962572916,
        0.9502573049746803,
        0.9498160703666529,
        0.9381131174016109,
        0.9371278544627386,
        0.9256208950752118,
        0.8580729403305738,
        0.9598474736134733,
        0.9486184431539678,
        0.9647000713099125,
        0.9348301098917536,
        0.9645757405401368,
        0.8131020065908261,
        0.940680721252959,
        0.9554367525647952,
        1.0000000000000053,
        0.9516200837279467,
        0.9407100389910285,
        0.961969993173708,
        0.9311704181267939,
        0.7383803963841938,
        0.9289720175830987,
        0.9216904359730265,
        0.8783604436141472,
        0.8378962581751784
      ],
      [
        0.9886883959905948,
        0.9824068021988879,
        0.9809853114897956,
        0.9841172706440714,
        0.9712378763699349,
        0.7926174712292898,
        0.8761185319874805,
        0.93512689116377,
        0.9356843691928464,
        0.9658722644333939,
        0.9674570468781111,
        0.9736595882229964,
        0.9720743560962364,
        0.9695124220775178,
        0.9555174760619016,
        0.9666671177744596,
        0.9433700205703638,
        0.9406956372893972,
        0.9351052458811634,
        0.9287223302307746,
        0.8641786711170167,
        0.9494790661952315,
        0.9506150181240939,
        0.9555949613428144,
        0.9296664377949019,
        0.9774901847987283,
        0.8328258169102452,
        0.9357832092129107,
        0.945003737118331,
        0.9516200837279467,
        0.9999999999999926,
        0.9521340812629937,
        0.9616240604921372,
        0.9375465145143048,
        0.7427955674512465,
        0.9299298961576734,
        0.919543365442469,
        0.8975600367934625,
        0.8347193924289563
      ],
      [
        0.9641005953990063,
        0.972237953986245,
        0.9804401025928235,
        0.963021826200835,
        0.9593260799649882,
        0.8960839986446408,
        0.9511927167090555,
        0.9764281868855761,
        0.9724700720562283,
        0.9699929348616885,
        0.9671693152173839,
        0.9675288346452382,
        0.9653575756464055,
        0.9674337507517997,
        0.9709130806309973,
        0.9858730905858171,
        0.9811929700703919,
        0.9793137861545836,
        0.977117784147628,
        0.9737615395224434,
        0.9328424579608603,
        0.9734906255182592,
        0.9715091646054194,
        0.9703292531429643,
        0.9800794802348018,
        0.9518823100178935,
        0.8435936099892241,
        0.9640512597219081,
        0.9784989046918899,
        0.9407100389910285,
        0.9521340812629937,
        1.0000000000000007,
        0.984921860429975,
        0.9561966241321956,
        0.8454988732718542,
        0.9656976449102643,
        0.9588329366504202,
        0.9216722025664968,
        0.8784422594921693
      ],
      [
        0.978606583559008,
        0.9844779071074696,
        0.9851036029499733,
        0.9763361664204683,
        0.9687819385933264,
        0.8984037020870203,
        0.9469367161633054,
        0.9807755834920315,
        0.956440999591222,
        0.9887734922734202,
        0.9872096377498695,
        0.9851954903976019,
        0.9829633322183289,
        0.986550177768851,
        0.9838683868207669,
        0.9920743057556478,
        0.9881081528653245,
        0.9860734561141876,
        0.97243840223624,
        0.9716872865872188,
        0.9232800074046822,
        0.9888300359239828,
        0.9889948230432849,
        0.9855994226463121,
        0.9847399317692354,
        0.9677280281686095,
        0.8598631373353239,
        0.9708785681187027,
        0.9792522397898165,
        0.961969993173708,
        0.9616240604921372,
        0.984921860429975,
        0.9999999999999964,
        0.9632018634069638,
        0.8191314383061652,
        0.960720135126863,
        0.9632405858815114,
        0.9142474962215935,
        0.8935431944908201
      ],
      [
        0.9491019961886168,
        0.9685686905447823,
        0.9637225806940606,
        0.9537782635112615,
        0.9411024120935294,
        0.8878007325014935,
        0.9543016846046846,
        0.9530696287860262,
        0.9387423062021232,
        0.9717508149163532,
        0.9701799498382339,
        0.9728154908192593,
        0.9690954094720761,
        0.9740272121968332,
        0.9700327899147754,
        0.9735533772398196,
        0.9599520162878903,
        0.9621135651396229,
        0.9545450833632363,
        0.9563146719118224,
        0.9301239086516857,
        0.9435337496725101,
        0.9435385639418108,
        0.9333450398605277,
        0.9632364262701999,
        0.9566037331917219,
        0.8620093890609105,
        0.9558982944571627,
        0.9798163108964105,
        0.9311704181267939,
        0.9375465145143048,
        0.9561966241321956,
        0.9632018634069638,
        1.0000000000000022,
        0.812518423077499,
        0.9694714984768812,
        0.9886219682418845,
        0.9228362520592088,
        0.9511399824615491
      ],
      [
        0.7616295107651709,
        0.7972376284927014,
        0.8013568526068756,
        0.7842482760858797,
        0.7956294620803981,
        0.8334754009919129,
        0.8387537161143169,
        0.8369916192297301,
        0.8316703267534755,
        0.8044296197807074,
        0.8003763832505252,
        0.7999916831829929,
        0.8002539979523078,
        0.8017045552994555,
        0.8105473602263605,
        0.8294540017232315,
        0.8276021904425147,
        0.8411820503118437,
        0.8245021019961594,
        0.839001444510717,
        0.8204131190221159,
        0.8028437825940316,
        0.8183244859966236,
        0.7900096919605548,
        0.8534099741308342,
        0.7674005473747482,
        0.7084731247794659,
        0.8232051993990795,
        0.8256435202617457,
        0.7383803963841938,
        0.7427955674512465,
        0.8454988732718542,
        0.8191314383061652,
        0.812518423077499,
        1.0000000000000049,
        0.8293929781257982,
        0.8258851036605567,
        0.7956639004259831,
        0.7848482147584941
      ],
      [
        0.9347163592540971,
        0.9572396989597277,
        0.9629737526479428,
        0.9432417372695301,
        0.9322544993492045,
        0.8624460946041885,
        0.9551538703516337,
        0.9564409603546252,
        0.9398646495137152,
        0.9569495208936383,
        0.9559330545422882,
        0.9568388044890854,
        0.9518658691393489,
        0.9571264111980935,
        0.9547413612999239,
        0.9649234577418621,
        0.9511504354325371,
        0.9667896344314799,
        0.9608805229213341,
        0.9595372311019866,
        0.9043610194555864,
        0.9365287944923876,
        0.9300593416037699,
        0.9287892480259129,
        0.9677705400842689,
        0.9574948328873691,
        0.8197094161106049,
        0.9655100309892478,
        0.9857416329278723,
        0.9289720175830987,
        0.9299298961576734,
        0.9656976449102643,
        0.960720135126863,
        0.9694714984768812,
        0.8293929781257982,
        0.999999999999999,
        0.965335107750798,
        0.9712362091315168,
        0.8871632716231321
      ],
      [
        0.9387345803827317,
        0.9588089343539175,
        0.955778932654963,
        0.9478337604179204,
        0.9413282522638277,
        0.9129155020599324,
        0.9609793769826521,
        0.9561816971544367,
