{
  "n": 4,
  "similarity_matrix": [
    [
      0.9999999999999951,
      0.9363761619247778,
      0.9205361337204289,
      0.9392190909339871,
      0.8997228725225873,
      0.5085975471703207,
      0.6675030411919559,
      0.8741973502149176,
      0.8376224619288384,
      0.9163463108870995,
      0.9144027775298296,
      0.920727414396516,
      0.9154369168983141,
      0.923590111107881,
      0.8668547329093331,
      0.9230418027257631,
      0.8398795337680554,
      0.8993234820738816,
      0.8779320101940582,
      0.8596470075336682,
      0.6311586732189752,
      0.9102890173020619,
      0.8953416828080231,
      0.9188418720996681,
      0.8567736831700634,
      0.8870852008122594,
      0.5003638100619086,
      0.8558332252874541,
      0.8515117895003602,
      0.8449141645110584,
      0.9406562156245557,
      0.9127969077180835,
      0.9281143513998504,
      0.7429849771587811,
      0.49152301477635624,
      0.7831504011091004,
      0.7092142410445208,
      0.5563238839127481,
      0.5393609632315493
    ],
    [
      0.9363761619247778,
      1.0000000000000115,
      0.9141135312976537,
      0.9606086056845097,
      0.9189800063140179,
      0.5829027909568616,
      0.7305795181318168,
      0.8646254077348438,
      0.8509463857369363,
      0.9444088952111943,
      0.943386981082913,
      0.9522885805377752,
      0.9494872664841761,
      0.9492143674286303,
      0.8948822827777599,
      0.9190095084694776,
      0.8454677428410781,
      0.9080775745268789,
      0.8549117768328348,
      0.867404890245229,
      0.6946106942423425,
      0.8547978411915648,
      0.8948732203148373,
      0.851428483552115,
      0.8671643259078017,
      0.8681433198120847,
      0.495021312263569,
      0.8697340457252084,
      0.8575266780375445,
      0.7841466322787104,
      0.9066279149538302,
      0.8778197429421781,
      0.9133151061586053,
      0.8195816864698083,
      0.4886697683891106,
      0.7964896718502431,
      0.7851996707456982,
      0.5755228432362881,
      0.6375613350550644
    ],
    [
      0.9205361337204289,
      0.9141135312976537,
      0.9999999999999982,
      0.907205011962387,
      0.8768810072751405,
      0.4682427453313902,
      0.7057378929627959,
      0.8842900567885464,
      0.8514744883727896,
      0.8962168862576789,
      0.9024447683900246,
      0.8934836396107803,
      0.8846224290480103,
      0.8860660669250136,
      0.801108430966403,
      0.9051197809813127,
      0.848163824206889,
      0.9167864562713858,
      0.8699683007165921,
      0.8436896320474536,
      0.5879347619003915,
      0.9146131060333964,
      0.8745340061732708,
      0.8982002306918064,
      0.8723399601124336,
      0.8968890107286946,
      0.5056354417721135,
      0.8921613352687474,
      0.8671036212515233,
      0.8205642342229952,
      0.932248932454442,
      0.9192239156786608,
      0.9230873738251919,
      0.7179481177315657,
      0.5153713346427329,
      0.8300221013125814,
      0.6793496291789966,
      0.6131106975136251,
      0.48987527407752435
    ],
    [
      0.9392190909339871,
      0.9606086056845097,
      0.907205011962387,
      1.0000000000000104,
      0.9284841440541983,
      0.5643843930463502,
      0.6845935777218805,
      0.850226505599675,
      0.8526591294540894,
      0.9371350432472597,
      0.9367870004726506,
      0.9420253747509286,
      0.9375378406111262,
      0.9399331719865257,
      0.8965690658158023,
      0.9258579914540986,
      0.8396754695297587,
      0.8948104830787885,
      0.8532401754684481,
      0.8604140134248581,
      0.6798905629840303,
      0.8516713711043569,
      0.8911166305128471,
      0.8616668890181121,
      0.861626673010937,
      0.8769238326150023,
      0.49233382496257877,
      0.8577859890557943,
      0.8460867984704433,
      0.8021953323506346,
      0.9128415986559799,
      0.878927051036752,
      0.9118358788045822,
      0.7711805308687043,
      0.49117382334623744,
      0.7719054732759891,
      0.7377492231268797,
      0.555445446545118,
      0.5934948535120179
    ],
    [
      0.8997228725225873,
      0.9189800063140179,
      0.8768810072751405,
      0.9284841440541983,
      0.9999999999999994,
      0.5922486191563548,
      0.6803825869443904,
      0.8315784531613185,
      0.8606112729011745,
      0.9085370083062025,
      0.9099531640297123,
      0.9098418326697869,
      0.9059305858703979,
      0.9060517249895871,
      0.8706006032265355,
      0.8842428916588565,
      0.8246863062520686,
      0.8640640914631623,
      0.824719131454803,
      0.8435085979279912,
      0.7015092338512965,
      0.8350185616043809,
      0.8837360073515396,
      0.842337163138897,
      0.837925850309942,
      0.8321532809740273,
      0.4806729059095222,
      0.8222308318149781,
      0.8159450067150963,
      0.7590102194184205,
      0.8697803033413638,
      0.853220197851264,
      0.8839262048268847,
      0.7642250524095178,
      0.5036904000758881,
      0.7331707013011093,
      0.7456615337367986,
      0.533078790649048,
      0.6172258393698773
    ],
    [
      0.5085975471703207,
      0.5829027909568616,
      0.4682427453313902,
      0.5643843930463502,
      0.5922486191563548,
      0.9999999999999992,
      0.6964375022302602,
      0.6224895039244344,
      0.6284256323989418,
      0.6505205013350822,
      0.6396512449363335,
      0.621721362216685,
      0.616386168443577,
      0.6241197210994358,
      0.710523514224187,
      0.5970973771600168,
      0.6625479020786601,
      0.6119845134023513,
      0.5683911167287903,
      0.6289577130379906,
      0.7475127565328977,
      0.47218229849497173,
      0.6025248013392654,
      0.46650046052824184,
      0.6373323961042262,
      0.4434201462592149,
      0.29009246340030087,
      0.5317961827762463,
      0.6052833560479653,
      0.41116626425544617,
      0.35261445997629903,
      0.49313942799184585,
      0.5807861161410104,
      0.7421634489528866,
      0.32499666716252423,
      0.4928567826187862,
      0.7364176009924919,
      0.30573696976372905,
      0.7777295437579865
    ],
    [
      0.6675030411919559,
      0.7305795181318168,
      0.7057378929627959,
      0.6845935777218805,
      0.6803825869443904,
      0.6964375022302602,
      1.0000000000000084,
      0.7515855501179376,
      0.7309804181287326,
      0.7834282810099821,
      0.782230163433915,
      0.7515752201778255,
      0.7382965275311564,
      0.7467694017721702,
      0.7308185698248509,
      0.7490419267794749,
      0.7414747755164705,
      0.7903164800423753,
      0.7084607470303695,
      0.7257200844273536,
      0.687576887163983,
      0.6652795504886745,
      0.7407046994327176,
      0.6275070208385352,
      0.8056671109399501,
      0.6694667249968836,
      0.39293902044232265,
      0.7491663296668997,
      0.7857447853703973,
      0.5702220315436484,
      0.5694656986519612,
      0.684135682843111,
      0.7389925021276212,
      0.8146784609483492,
      0.4268775588680996,
      0.7627257431148029,
      0.7910216198385092,
      0.5191015902891363,
      0.7235232052708966
    ],
    [
      0.8741973502149176,
      0.8646254077348438,
      0.8842900567885464,
      0.850226505599675,
      0.8315784531613185,
      0.6224895039244344,
      0.7515855501179376,
      1.000000000000002,
      0.8541655730726713,
      0.8779444007641688,
      0.8758590778443566,
      0.8558971897073615,
      0.8411252524884116,
      0.8588190532361621,
      0.8082651231223095,
      0.8820610617288867,
      0.8959159637203508,
      0.9175082293326345,
      0.8784495637566089,
      0.8544934053616919,
      0.6633724415939648,
      0.9152686608231289,
      0.8811353451792023,
      0.887287273929869,
      0.8890758633413295,
      0.8470676321651358,
      0.48985534643842465,
      0.8568503239039874,
      0.8603653955532641,
      0.8296616067253433,
      0.8178437413695833,
      0.8840289359756526,
      0.9144359300452258,
      0.7480101815978754,
      0.5119153628294462,
      0.7963015896639708,
      0.7170891676557817,
      0.5678090572056799,
      0.5744548726870303
    ],
    [
      0.8376224619288384,
      0.8509463857369363,
      0.8514744883727896,
      0.8526591294540894,
      0.8606112729011745,
      0.6284256323989418,
      0.7309804181287326,
      0.8541655730726713,
      0.9999999999999929,
      0.8533144538028452,
      0.8514660119199742,
      0.8445352796290019,
      0.8434407383814541,
      0.8379476317600404,
      0.8198705312208996,
      0.8512546782242838,
      0.8320070035302745,
      0.8468548102860066,
      0.820463767079792,
      0.825138564121734,
      0.7050966237443551,
      0.812719044813414,
      0.8270518686326525,
      0.8212666471841407,
      0.8380003335597294,
      0.7783244574424634,
      0.4655204889815348,
      0.8189746920567123,
      0.8123607701545495,
      0.7211320476473801,
      0.7959957927037311,
      0.8466847191617783,
      0.8524698227758357,
      0.7437595424774224,
      0.509007484942439,
      0.7397976891025808,
      0.7262008870330329,
      0.5393607805718639,
      0.5835775909026565
    ],
    [
      0.9163463108870995,
      0.9444088952111943,
      0.8962168862576789,
      0.9371350432472597,
      0.9085370083062025,
      0.6505205013350822,
      0.7834282810099821,
      0.8779444007641688,
      0.8533144538028452,
      0.9999999999999895,
      0.994622873804525,
      0.9696247573233175,
      0.9642966731236609,
      0.9684285588804104,
      0.9201428357243798,
      0.940760494260087,
      0.8722921520063242,
      0.9271820563340232,
      0.8664337395334166,
      0.8859528197746458,
      0.7301485157923782,
      0.861850101820434,
      0.9135426955254243,
      0.8505744270441357,
      0.891209814321166,
      0.8566509248148871,
      0.48313099727205894,
      0.8724056496170648,
      0.873641395187289,
      0.7950745476785673,
      0.8622904162033821,
      0.8697434468163516,
      0.9325742335168851,
      0.8408351579772093,
      0.5058233948704491,
      0.797666461672501,
      0.8091006813142634,
      0.5651038321751249,
      0.6939291394588937
    ],
    [
      0.9144027775298296,
      0.943386981082913,
      0.9024447683900246,
      0.9367870004726506,
      0.9099531640297123,
      0.6396512449363335,
      0.782230163433915,
      0.8758590778443566,
      0.8514660119199742,
      0.994622873804525,
      0.9999999999999889,
      0.9685454110013189,
      0.9617515679400542,
      0.9655394157877047,
      0.9113465012413042,
      0.938188107813078,
      0.8683738896315701,
      0.926875697475574,
      0.8649347365344742,
      0.8823764292397834,
      0.7229287459041984,
      0.8612997063516199,
      0.9135002323235344,
      0.8488692289558226,
      0.8897640281118163,
      0.8558901776779874,
      0.48634543312725087,
      0.8715250343177032,
      0.8689990780001096,
      0.794197858720236,
      0.8669204678297371,
      0.8692918654751038,
      0.9300859993959492,
      0.8327516880307982,
      0.5077573540088789,
      0.7975048261027246,
      0.7977890927846975,
      0.5696557522431968,
      0.6873116345611756
    ],
    [
      0.920727414396516,
      0.9522885805377752,
      0.8934836396107803,
      0.9420253747509286,
      0.9098418326697869,
      0.621721362216685,
      0.7515752201778255,
      0.8558971897073615,
      0.8445352796290019,
      0.9696247573233175,
      0.9685454110013189,
      0.9999999999999921,
      0.9904271668080796,
      0.9891882671946097,
      0.922275062817929,
      0.9331627830830915,
      0.8525330375262514,
      0.9060598624610467,
      0.8510039200909911,
      0.8712563345046387,
      0.7195434919163755,
      0.8519545188584431,
      0.8933961637203183,
      0.8411220824867214,
      0.869860010733057,
      0.8446323136022812,
      0.4819753242973323,
      0.8606749606042816,
      0.8612982160447652,
      0.7799365255643598,
      0.8779848758175942,
      0.8629988435004734,
      0.9141725691713292,
      0.835073183507856,
      0.4975419235806756,
      0.7890514024609101,
      0.8065577093252997,
      0.5649881389224318,
      0.6867315246721286
    ],
    [
      0.9154369168983141,
      0.9494872664841761,
      0.8846224290480103,
      0.9375378406111262,
      0.9059305858703979,
      0.616386168443577,
      0.7382965275311564,
      0.8411252524884116,
      0.8434407383814541,
      0.9642966731236609,
      0.9617515679400542,
      0.9904271668080796,
      1.0000000000000198,
      0.9875947004181203,
      0.919081510813511,
      0.9260620718821111,
      0.8400898624427654,
      0.8942818160116865,
      0.8387763019293097,
      0.8599599910742253,
      0.7155484329704002,
      0.8403740283883326,
      0.8871961576840423,
      0.8324900293169941,
      0.8585616934607028,
      0.8320681442957677,
      0.47667336151534956,
      0.8480806040948538,
      0.8455615066484681,
      0.7634144229859783,
      0.8714533482780834,
      0.8536845468654886,
      0.9056250150139138,
      0.8279968736511711,
      0.4894312925598198,
      0.7749171667984057,
      0.7969292871673015,
      0.5524139362979898,
      0.677877783631727
    ],
    [
      0.923590111107881,
      0.9492143674286303,
      0.8860660669250136,
      0.9399331719865257,
      0.9060517249895871,
      0.6241197210994358,
      0.7467694017721702,
      0.8588190532361621,
      0.8379476317600404,
      0.9684285588804104,
      0.9655394157877047,
      0.9891882671946097,
      0.9875947004181203,
      0.9999999999999925,
      0.9285286955850655,
      0.9321245725689381,
      0.856538608523441,
      0.9069088110005429,
      0.8522458240457986,
      0.870835039295997,
      0.7239592383143565,
      0.8559899238333567,
      0.8969656730669318,
      0.8432657046934217,
      0.866585617063444,
      0.8424751640244231,
      0.48159625667918216,
      0.8561579504120732,
      0.8607642312695765,
      0.7839251328669374,
      0.8716916377674299,
      0.8604740731513645,
      0.9176776795129247,
      0.8365514873713241,
      0.4929483466338302,
      0.7849476260694876,
      0.8068105544448397,
      0.5564207062329962,
      0.6940423634639992
    ],
    [
      0.8668547329093331,
      0.8948822827777599,
      0.801108430966403,
      0.8965690658158023,
      0.8706006032265355,
      0.710523514224187,
      0.7308185698248509,
      0.8082651231223095,
      0.8198705312208996,
      0.9201428357243798,
      0.9113465012413042,
      0.922275062817929,
      0.919081510813511,
      0.9285286955850655,
      1.0000000000000107,
      0.8892061114382812,
      0.8226750900232402,
      0.8609088302739192,
      0.8047563992013886,
      0.8408508144365615,
      0.7546342245892451,
      0.7752551544185945,
      0.8426935040561526,
      0.7809321504916515,
      0.8333087641923752,
      0.76926259530581,
      0.45208120239508753,
      0.8052966649899179,
      0.8591226646648379,
      0.7251014963284153,
      0.7798344339136101,
      0.8062511533809528,
      0.8585699881072135,
      0.8374661620385163,
      0.45829341690886743,
      0.7393877466371084,
      0.82538927912116,
      0.5043432282545798,
      0.731087522244751
    ],
    [
      0.9230418027257631,
      0.9190095084694776,
      0.9051197809813127,
      0.9258579914540986,
      0.8842428916588565,
      0.5970973771600168,
      0.7490419267794749,
      0.8820610617288867,
      0.8512546782242838,
      0.940760494260087,
      0.938188107813078,
      0.9331627830830915,
      0.9260620718821111,
      0.9321245725689381,
      0.8892061114382812,
      1.000000000000035,
      0.87214026659464,
      0.9286973193448267,
      0.8835596809308377,
      0.880653299948871,
      0.6757026275257061,
      0.9021112029656956,
      0.9125955563615988,
      0.8862986875677272,
      0.8987426804892626,
      0.8623134054887138,
      0.4880764350300629,
      0.8867211616776399,
      0.8888368837294754,
      0.822168887106233,
      0.8707812550693141,
      0.9187587868959256,
      0.9460539682739041,
      0.7931439350308168,
      0.5256349768399786,
      0.8201924522817096,
      0.7599657003842705,
      0.5789608986292112,
      0.6072382783647434
    ],
    [
      0.8398795337680554,
      0.8454677428410781,
      0.848163824206889,
      0.8396754695297587,
      0.8246863062520686,
      0.6625479020786601,
      0.7414747755164705,
      0.8959159637203508,
      0.8320070035302745,
      0.8722921520063242,
      0.8683738896315701,
      0.8525330375262514,
      0.8400898624427654,
      0.856538608523441,
      0.8226750900232402,
      0.87214026659464,
      0.9999999999999893,
      0.8944764782043334,
      0.8625020130562031,
      0.8443288666193289,
      0.6852304874968681,
      0.8816934792409493,
      0.8683418220843716,
      0.8572842954334469,
      0.8674060352154899,
      0.78555109863215,
      0.459295569388754,
      0.8267873381247896,
      0.8414612251198859,
      0.7800071104332985,
      0.7669320344647365,
      0.8589718758702708,
      0.9035850989625833,
      0.7537372607432917,
      0.49921047075197583,
      0.7599284345272835,
      0.7365069955211158,
      0.536600603831977,
      0.6167121206175447
    ],
    [
      0.8993234820738816,
      0.9080775745268789,
      0.9167864562713858,
      0.8948104830787885,
      0.8640640914631623,
      0.6119845134023513,
      0.7903164800423753,
      0.9175082293326345,
      0.8468548102860066,
      0.9271820563340232,
      0.926875697475574,
      0.9060598624610467,
      0.8942818160116865,
      0.9069088110005429,
      0.8609088302739192,
      0.9286973193448267,
      0.8944764782043334,
      0.9999999999999722,
      0.892934638363847,
      0.8818213599428593,
      0.6643461119624297,
      0.9164247858074263,
      0.9100016431464283,
      0.8848234455663558,
      0.9201924015550538,
      0.8659685860988917,
      0.49730014132938194,
      0.8983528656816778,
      0.8994125620718912,
      0.8157858751658591,
      0.8449966072806352,
      0.9179068690218448,
      0.9429064734890125,
      0.7927179266093982,
      0.5555278984491386,
      0.8449928692756469,
      0.7576321423816916,
      0.5979596767742053,
      0.6068794050799491
    ],
    [
      0.8779320101940582,
      0.8549117768328348,
      0.8699683007165921,
      0.8532401754684481,
      0.824719131454803,
      0.5683911167287903,
      0.7084607470303695,
      0.8784495637566089,
      0.820463767079792,
      0.8664337395334166,
      0.8649347365344742,
      0.8510039200909911,
      0.8387763019293097,
      0.8522458240457986,
      0.8047563992013886,
      0.8835596809308377,
      0.8625020130562031,
      0.892934638363847,
      1.00000000000002,
      0.9563924091954225,
      0.6003339309921426,
      0.8697957547221626,
      0.8662778033180101,
      0.8594916979919046,
      0.8582105608337294,
      0.8569747433573419,
      0.4747068224043722,
      0.8407469860101289,
      0.8440796245513218,
      0.8261360616955803,
      0.8362862018507035,
      0.9010719846815498,
      0.906215488988529,
      0.7111819631626046,
      0.525666906592351,
      0.7779370715400774,
      0.6740657994138699,
      0.54877632914543,
      0.513886798415722
    ],
    [
      0.8596470075336682,
      0.867404890245229,
      0.8436896320474536,
      0.8604140134248581,
      0.8435085979279912,
      0.6289577130379906,
      0.7257200844273536,
      0.8544934053616919,
      0.825138564121734,
      0.8859528197746458,
      0.8823764292397834,
      0.8712563345046387,
      0.8599599910742253,
      0.870835039295997,
      0.8408508144365615,
      0.880653299948871,
      0.8443288666193289,
      0.8818213599428593,
      0.9563924091954225,
      0.999999999999993,
      0.6761709713012397,
      0.8254412938475056,
      0.8635383807175635,
      0.8186536034736256,
      0.8548461747476649,
      0.8201001341556822,
      0.4627786653934456,
      0.8206844088318241,
      0.830315624441699,
      0.7825447590581301,
      0.8188230955015463,
      0.8696032497584969,
      0.8876586711956825,
      0.7540830688666327,
      0.5338459249739707,
      0.7547647176749346,
      0.7267546942379318,
      0.5332016646182774,
      0.6039409864950939
    ],
    [
      0.6311586732189752,
      0.6946106942423425,
      0.5879347619003915,
      0.6798905629840303,
      0.7015092338512965,
      0.7475127565328977,
      0.687576887163983,
      0.6633724415939648,
      0.7050966237443551,
      0.7301485157923782,
      0.7229287459041984,
      0.7195434919163755,
      0.7155484329704002,
      0.7239592383143565,
      0.7546342245892451,
      0.6757026275257061,
      0.6852304874968681,
      0.6643461119624297,
      0.6003339309921426,
      0.6761709713012397,
      0.9999999999999983,
      0.5578635705223874,
      0.6730305374174399,
      0.5530926231599902,
      0.6603462854998225,
      0.5405462205471524,
      0.35544613241896045,
      0.5904874672518299,
      0.6334672335789608,
      0.4950401847162082,
      0.5338159254726776,
      0.5835713229455123,
      0.6411151594108767,
      0.7685778471911004,
      0.3608012467421614,
      0.5566835761311907,
      0.778792659945255,
      0.3895151657232974,
      0.8010311602443163
    ],
    [
      0.9102890173020619,
      0.8547978411915648,
      0.9146131060333964,
      0.8516713711043569,
      0.8350185616043809,
      0.47218229849497173,
      0.6652795504886745,
      0.9152686608231289,
      0.812719044813414,
      0.861850101820434,
      0.8612997063516199,
      0.8519545188584431,
      0.8403740283883326,
      0.8559899238333567,
      0.7752551544185945,
      0.9021112029656956,
      0.8816934792409493,
      0.9164247858074263,
      0.8697957547221626,
      0.8254412938475056,
      0.5578635705223874,
      1.000000000000002,
      0.8961003420387221,
      0.9561566028729435,
      0.8817765243702775,
      0.8485277527694458,
      0.4839736982700999,
      0.8658256152096457,
      0.8520128579135607,
      0.8612519374367764,
      0.8727903966537531,
      0.9271397719604566,
      0.9401397753253707,
      0.6703053069089266,
      0.5302315083366261,
      0.7892967804594245,
      0.6446931715233231,
      0.5647427080906828,
      0.45224186442696457
    ],
    [
      0.8953416828080231,
      0.8948732203148373,
      0.8745340061732708,
      0.8911166305128471,
      0.8837360073515396,
      0.6025248013392654,
      0.7407046994327176,
      0.8811353451792023,
      0.8270518686326525,
      0.9135426955254243,
      0.9135002323235344,
      0.8933961637203183,
      0.8871961576840423,
      0.8969656730669318,
      0.8426935040561526,
      0.9125955563615988,
      0.8683418220843716,
      0.9100016431464283,
      0.8662778033180101,
      0.8635383807175635,
      0.6730305374174399,
      0.8961003420387221,
      0.9999999999999885,
      0.8825930314444224,
      0.8958292763458503,
      0.8507884988436315,
      0.4819186779059136,
      0.8505711319555814,
      0.8390277565027101,
      0.8047742045180023,
      0.8422539785462295,
      0.8944410618282439,
      0.9367159148695616,
      0.749869799711149,
      0.5350410108225561,
      0.7663830736030484,
      0.7207676406940633,
      0.5430675999484562,
      0.5824098852557072
    ],
    [
      0.9188418720996681,
      0.851428483552115,
      0.8982002306918064,
      0.8616668890181121,
      0.842337163138897,
      0.46650046052824184,
      0.6275070208385352,
      0.887287273929869,
      0.8212666471841407,
      0.8505744270441357,
      0.8488692289558226,
      0.8411220824867214,
      0.8324900293169941,
      0.8432657046934217,
      0.7809321504916515,
      0.8862986875677272,
      0.8572842954334469,
      0.8848234455663558,
      0.8594916979919046,
      0.8186536034736256,
      0.5530926231599902,
      0.9561566028729435,
      0.8825930314444224,
      0.9999999999999853,
      0.8692338353237192,
      0.8405443627583813,
      0.4725553534943783,
      0.8591496364285515,
      0.8416196237589975,
      0.8670975772462807,
      0.8824290038686493,
      0.9262550483533301,
      0.9283708386522402,
      0.6425479420466755,
      0.5100160567518747,
      0.762845094641215,
      0.6302054250695628,
      0.5476155804042614,
      0.40290099068394425
    ],
    [
      0.8567736831700634,
      0.8671643259078017,
      0.8723399601124336,
      0.861626673010937,
      0.837925850309942,
      0.6373323961042262,
      0.8056671109399501,
      0.8890758633413295,
      0.8380003335597294,
      0.891209814321166,
      0.8897640281118163,
      0.869860010733057,
      0.8585616934607028,
      0.866585617063444,
      0.8333087641923752,
      0.8987426804892626,
      0.8674060352154899,
      0.9201924015550538,
      0.8582105608337294,
      0.8548461747476649,
      0.6603462854998225,
      0.8817765243702775,
      0.8958292763458503,
      0.8692338353237192,
      1.000000000000006,
      0.8265880413675514,
      0.4763021161178177,
      0.8993345358878009,
      0.9064049167005906,
      0.7848232011837449,
      0.7919526146926104,
      0.8990100962615373,
      0.9179522888961634,
      0.7804447397916892,
      0.5446413618931454,
      0.8401688493915452,
      0.7595165631361666,
      0.5911971651964195,
      0.579763402586899
    ],
    [
      0.8870852008122594,
      0.8681433198120847,
      0.8968890107286946,
      0.8769238326150023,
      0.8321532809740273,
      0.4434201462592149,
      0.6694667249968836,
      0.8470676321651358,
      0.7783244574424634,
      0.8566509248148871,
      0.8558901776779874,
      0.8446323136022812,
      0.8320681442957677,
      0.8424751640244231,
      0.76926259530581,
      0.8623134054887138,
      0.78555109863215,
      0.8659685860988917,
      0.8569747433573419,
      0.8201001341556822,
      0.5405462205471524,
      0.8485277527694458,
      0.8507884988436315,
      0.8405443627583813,
      0.8265880413675514,
      1.0000000000000089,
      0.4913696855966088,
      0.8743930873506014,
      0.8501862581562032,
      0.8490776794855389,
      0.8960448447386039,
      0.8694980436679023,
      0.8802462296169876,
      0.6869154950575127,
      0.49959814619972526,
      0.8068245528079173,
      0.6382787271725975,
      0.5907204792041346,
      0.44982452592392935
    ],
    [
      0.5003638100619086,
      0.495021312263569,
      0.5056354417721135,
      0.49233382496257877,
      0.4806729059095222,
      0.29009246340030087,
      0.39293902044232265,
      0.48985534643842465,
      0.4655204889815348,
      0.48313099727205894,
      0.48634543312725087,
      0.4819753242973323,
      0.47667336151534956,
      0.48159625667918216,
      0.45208120239508753,
      0.4880764350300629,
      0.459295569388754,
      0.49730014132938194,
      0.4747068224043722,
      0.4627786653934456,
      0.35544613241896045,
      0.4839736982700999,
      0.4819186779059136,
      0.4725553534943783,
      0.4763021161178177,
      0.4913696855966088,
      0.9999999999999941,
      0.4708443446464709,
      0.4718111598003669,
      0.44378672255498347,
      0.4881917219308948,
      0.49260021286336736,
      0.4953013065757586,
      0.405981137232371,
      0.2742547426976162,
      0.4478531836011449,
      0.38901735609643046,
      0.32472608343670734,
      0.3021279081305116
    ],
    [
      0.8558332252874541,
      0.8697340457252084,
      0.8921613352687474,
      0.8577859890557943,
      0.8222308318149781,
      0.5317961827762463,
      0.7491663296668997,
      0.8568503239039874,
      0.8189746920567123,
      0.8724056496170648,
      0.8715250343177032,
      0.8606749606042816,
      0.8480806040948538,
      0.8561579504120732,
      0.8052966649899179,
      0.8867211616776399,
      0.8267873381247896,
      0.8983528656816778,
      0.8407469860101289,
      0.8206844088318241,
      0.5904874672518299,
      0.8658256152096457,
      0.8505711319555814,
      0.8591496364285515,
      0.8993345358878009,
      0.8743930873506014,
      0.4708443446464709,
      0.9999999999999885,
      0.943176614947557,
      0.7990792506566262,
      0.8328524495715078,
      0.8979408295918839,
      0.8887421940667349,
      0.7798619080272449,
      0.5241854533384599,
      0.8901528022812424,
      0.7658442301511535,
      0.6517745094615155,
      0.5209295779725416
    ],
    [
      0.8515117895003602,
      0.8575266780375445,
      0.8671036212515233,
      0.8460867984704433,
      0.8159450067150963,
      0.6052833560479653,
      0.7857447853703973,
      0.8603653955532641,
      0.8123607701545495,
      0.873641395187289,
      0.8689990780001096,
      0.8612982160447652,
      0.8455615066484681,
      0.8607642312695765,
      0.8591226646648379,
      0.8888368837294754,
      0.8414612251198859,
      0.8994125620718912,
      0.8440796245513218,
      0.830315624441699,
      0.6334672335789608,
      0.8520128579135607,
      0.8390277565027101,
      0.8416196237589975,
      0.9064049167005906,
      0.8501862581562032,
      0.4718111598003669,
      0.943176614947557,
      0.9999999999999953,
      0.7997185892920898,
      0.7957985411036116,
      0.8842296398642431,
      0.8845256704660003,
      0.84324623687705,
      0.5080238052207434,
      0.9077503616108795,
      0.8336323164640247,
      0.6390309716447357,
      0.6003545369033624
    ],
    [
      0.8449141645110584,
      0.7841466322787104,
      0.8205642342229952,
      0.8021953323506346,
      0.7590102194184205,
      0.41116626425544617,
      0.5702220315436484,
      0.8296616067253433,
      0.7211320476473801,
      0.7950745476785673,
      0.794197858720236,
      0.7799365255643598,
      0.7634144229859783,
      0.7839251328669374,
      0.7251014963284153,
      0.822168887106233,
      0.7800071104332985,
      0.8157858751658591,
      0.8261360616955803,
      0.7825447590581301,
      0.4950401847162082,
      0.8612519374367764,
      0.8047742045180023,
      0.8670975772462807,
      0.7848232011837449,
      0.8490776794855389,
      0.44378672255498347,
      0.7990792506566262,
      0.7997185892920898,
      1.0000000000000095,
      0.8240873165646628,
      0.8399149698245579,
      0.8598783740871011,
      0.6147577047564902,
      0.4617152382872191,
      0.728774779688557,
      0.5845307816659914,
      0.5172486065947152,
      0.3983217350380499
    ],
    [
      0.9406562156245557,
      0.9066279149538302,
      0.932248932454442,
      0.9128415986559799,
      0.8697803033413638,
      0.35261445997629903,
      0.5694656986519612,
      0.8178437413695833,
      0.7959957927037311,
      0.8622904162033821,
      0.8669204678297371,
      0.8779848758175942,
      0.8714533482780834,
      0.8716916377674299,
      0.7798344339136101,
      0.8707812550693141,
      0.7669320344647365,
      0.8449966072806352,
      0.8362862018507035,
      0.8188230955015463,
      0.5338159254726776,
      0.8727903966537531,
      0.8422539785462295,
      0.8824290038686493,
      0.7919526146926104,
      0.8960448447386039,
      0.4881917219308948,
      0.8328524495715078,
      0.7957985411036116,
      0.8240873165646628,
      1.0000000000000313,
      0.892912706465692,
      0.8776473589374898,
      0.6372523456727612,
      0.47728685992443054,
      0.7466614514727922,
      0.5957466115159564,
      0.5583479734069204,
      0.40278762102821675
    ],
    [
      0.9127969077180835,
      0.8778197429421781,
      0.9192239156786608,
      0.878927051036752,
      0.853220197851264,
      0.49313942799184585,
      0.684135682843111,
      0.8840289359756526,
      0.8466847191617783,
      0.8697434468163516,
      0.8692918654751038,
      0.8629988435004734,
      0.8536845468654886,
      0.8604740731513645,
      0.8062511533809528,
      0.9187587868959256,
      0.8589718758702708,
      0.9179068690218448,
      0.9010719846815498,
      0.8696032497584969,
      0.5835713229455123,
      0.9271397719604566,
      0.8944410618282439,
      0.9262550483533301,
      0.8990100962615373,
      0.8694980436679023,
      0.49260021286336736,
      0.8979408295918839,
      0.8842296398642431,
      0.8399149698245579,
      0.892912706465692,
      0.9999999999999796,
      0.936591431864809,
      0.6891319707897516,
      0.5644012736247276,
      0.8291092197829735,
      0.6675999815393343,
      0.5952907173799595,
      0.43674580158493126
    ],
    [
      0.9281143513998504,
      0.9133151061586053,
      0.9230873738251919,
      0.9118358788045822,
      0.8839262048268847,
      0.5807861161410104,
      0.7389925021276212,
      0.9144359300452258,
      0.8524698227758357,
      0.9325742335168851,
      0.9300859993959492,
      0.9141725691713292,
      0.9056250150139138,
      0.9176776795129247,
      0.8585699881072135,
      0.9460539682739041,
      0.9035850989625833,
      0.9429064734890125,
      0.906215488988529,
      0.8876586711956825,
      0.6411151594108767,
      0.9401397753253707,
      0.9367159148695616,
      0.9283708386522402,
      0.9179522888961634,
      0.8802462296169876,
      0.4953013065757586,
      0.8887421940667349,
      0.8845256704660003,
      0.8598783740871011,
      0.8776473589374898,
      0.936591431864809,
      1.000000000000008,
      0.7490143705772995,
      0.5440918871558102,
      0.8116608711871967,
      0.719320486371789,
      0.5748660160858314,
      0.5440369494127709
    ],
    [
      0.7429849771587811,
      0.8195816864698083,
      0.7179481177315657,
      0.7711805308687043,
      0.7642250524095178,
      0.7421634489528866,
      0.8146784609483492,
      0.7480101815978754,
      0.7437595424774224,
      0.8408351579772093,
      0.8327516880307982,
      0.835073183507856,
      0.8279968736511711,
      0.8365514873713241,
      0.8374661620385163,
      0.7931439350308168,
      0.7537372607432917,
      0.7927179266093982,
      0.7111819631626046,
      0.7540830688666327,
      0.7685778471911004,
      0.6703053069089266,
      0.749869799711149,
      0.6425479420466755,
      0.7804447397916892,
      0.6869154950575127,
      0.405981137232371,
      0.7798619080272449,
      0.84324623687705,
      0.6147577047564902,
      0.6372523456727612,
      0.6891319707897516,
      0.7490143705772995,
      1.0000000000000033,
      0.39201670092289054,
      0.7753604900699269,
      0.9490649653568745,
      0.5192110338329454,
      0.8600082849931486
    ],
    [
      0.49152301477635624,
      0.4886697683891106,
      0.5153713346427329,
      0.49117382334623744,
      0.5036904000758881,
      0.32499666716252423,
      0.4268775588680996,
      0.5119153628294462,
      0.509007484942439,
      0.5058233948704491,
      0.5077573540088789,
      0.4975419235806756,
      0.4894312925598198,
      0.4929483466338302,
      0.45829341690886743,
      0.5256349768399786,
      0.49921047075197583,
      0.5555278984491386,
      0.525666906592351,
      0.5338459249739707,
      0.3608012467421614,
      0.5302315083366261,
      0.5350410108225561,
      0.5100160567518747,
      0.5446413618931454,
      0.49959814619972526,
      0.2742547426976162,
      0.5241854533384599,
      0.5080238052207434,
      0.4617152382872191,
      0.47728685992443054,
      0.5644012736247276,
      0.5440918871558102,
      0.39201670092289054,
      0.9999999999999849,
      0.47422004030752235,
      0.38932644961145296,
      0.3608213866058788,
      0.28123404214943065
    ],
    [
      0.7831504011091004,
      0.7964896718502431,
      0.8300221013125814,
      0.7719054732759891,
      0.7331707013011093,
      0.4928567826187862,
      0.7627257431148029,
      0.7963015896639708,
      0.7397976891025808,
      0.797666461672501,
      0.7975048261027246,
      0.7890514024609101,
      0.7749171667984057,
      0.7849476260694876,
      0.7393877466371084,
      0.8201924522817096,
      0.7599284345272835,
      0.8449928692756469,
      0.7779370715400774,
      0.7547647176749346,
      0.5566835761311907,
      0.7892967804594245,
      0.7663830736030484,
      0.762845094641215,
      0.8401688493915452,
      0.8068245528079173,
      0.4478531836011449,
      0.8901528022812424,
      0.9077503616108795,
      0.728774779688557,
      0.7466614514727922,
      0.8291092197829735,
      0.8116608711871967,
      0.7753604900699269,
      0.47422004030752235,
      1.0000000000000093,
      0.7556659895828631,
      0.8356976706175043,
      0.5302607696795675
    ],
    [
      0.7092142410445208,
      0.7851996707456982,
      0.6793496291789966,
      0.7377492231268797,
      0.7456615337367986,
      0.7364176009924919,
      0.7910216198385092,
      0.7170891676557817,
      0.7262008870330329,
      0.8091006813142634,
      0.7977890927846975,
      0.8065577093252997,
      0.7969292871673015,
      0.8068105544448397,
      0.82538927912116,
      0.7599657003842705,
      0.7365069955211158,
      0.7576321423816916,
      0.6740657994138699,
      0.7267546942379318,
      0.778792659945255,
      0.6446931715233231,
      0.7207676406940633,
      0.6302054250695628,
      0.7595165631361666,
      0.6382787271725975,
      0.38901735609643046,
      0.7658442301511535,
      0.8336323164640247,
      0.5845307816659914,
      0.5957466115159564,
      0.6675999815393343,
      0.719320486371789,
      0.9490649653568745,
      0.38932644961145296,
      0.7556659895828631,
      1.0000000000000013,
      0.512151803568918,
      0.8544882875214898
    ],
    [
      0.5563238839127481,
      0.5755228432362881,
      0.6131106975136251,
      0.555445446545118,
      0.533078790649048,
      0.30573696976372905,
      0.5191015902891363,
      0.5678090572056799,
      0.5393607805718639,
      0.5651038321751249,
      0.5696557522431968,
      0.5649881389224318,
      0.5524139362979898,
      0.5564207062329962,
      0.5043432282545798,
      0.5789608986292112,
      0.536600603831977,
      0.5979596767742053,
      0.54877632914543,
      0.5332016646182774,
      0.3895151657232974,
      0.5647427080906828,
      0.5430675999484562,
      0.5476155804042614,
      0.5911971651964195,
      0.5907204792041346,
      0.32472608343670734,
      0.6517745094615155,
      0.6390309716447357,
      0.5172486065947152,
      0.5583479734069204,
      0.5952907173799595,
      0.5748660160858314,
      0.5192110338329454,
      0.3608213866058788,
      0.8356976706175043,
      0.512151803568918,
      1.0000000000000164,
      0.3440453363472837
    ],
    [
      0.5393609632315493,
      0.6375613350550644,
      0.48987527407752435,
      0.5934948535120179,
      0.6172258393698773,
      0.7777295437579865,
      0.7235232052708966,
      0.5744548726870303,
      0.5835775909026565,
      0.6939291394588937,
      0.6873116345611756,
      0.6867315246721286,
      0.677877783631727,
      0.6940423634639992,
      0.731087522244751,
      0.6072382783647434,
      0.6167121206175447,
      0.6068794050799491,
      0.513886798415722,
      0.6039409864950939,
      0.8010311602443163,
      0.45224186442696457,
      0.5824098852557072,
      0.40290099068394425,
      0.579763402586899,
      0.44982452592392935,
      0.3021279081305116,
      0.5209295779725416,
      0.6003545369033624,
      0.3983217350380499,
      0.40278762102821675,
      0.43674580158493126,
      0.5440369494127709,
      0.8600082849931486,
      0.28123404214943065,
      0.5302607696795675,
      0.8544882875214898,
      0.3440453363472837,
      1.0000000000000022
    ]
  ],
  "distance_matrix": [
    [
