{
  "n": 3,
  "similarity_matrix": [
    [
      0.9999999999999907,
      0.9700242153108474,
      0.9599446913521231,
      0.9708575837783997,
      0.9467742296964803,
      0.6822007677861124,
      0.8038818688492729,
      0.9200010697616791,
      0.8930321938638095,
      0.9569155281563254,
      0.9548215455732484,
      0.9618405747040161,
      0.9599640723881894,
      0.9608299971157702,
      0.9396275461702387,
      0.9592546611870628,
      0.9169877630743093,
      0.9294674852576058,
      0.9206116330663014,
      0.9122521880019921,
      0.7765046016434602,
      0.9429761432558903,
      0.9388825835544593,
      0.9522046036416507,
      0.9148067381741597,
      0.9399332638682828,
      0.6865669907733444,
      0.9071032878832667,
      0.9151863425128266,
      0.9186226491658147,
      0.9720016415397009,
      0.9449413206912618,
      0.9617514226726765,
      0.877779253485577,
      0.6493831874006799,
      0.8769738259463712,
      0.8581484338745957,
      0.7681759141549173,
      0.6961337738170171
    ],
    [
      0.9700242153108474,
      0.9999999999999875,
      0.9671244892718484,
      0.9819243029858172,
      0.9602049705766003,
      0.7247865796088894,
      0.853227257598651,
      0.9274165110255569,
      0.9091647006098496,
      0.9736424075383541,
      0.9728123869549665,
      0.9781159818586123,
      0.976148920865559,
      0.9750756872463445,
      0.9521437639583893,
      0.9628315389627827,
      0.9189532898827304,
      0.9449047740138258,
      0.9204900396259558,
      0.9258184264383494,
      0.8117448262419876,
      0.9178584124017383,
      0.9417055515155822,
      0.9214162275646253,
      0.9327694995297814,
      0.9460063715073772,
      0.6990016430603879,
      0.9270196970834933,
      0.925411801064112,
      0.8915440866118853,
      0.9593466035034056,
      0.93822697577906,
      0.9591155823545586,
      0.916387137757278,
      0.669393087229375,
      0.9008815233421715,
      0.8934384036395747,
      0.7990847876317928,
      0.748048849006203
    ],
    [
      0.9599446913521231,
      0.9671244892718484,
      1.0000000000000018,
      0.9571048246321855,
      0.9407559363642001,
      0.6806411339588286,
      0.853565107823507,
      0.9409776740135368,
      0.9173380095797865,
      0.9552772480871256,
      0.9572829832887292,
      0.9523415910234025,
      0.9467766272234944,
      0.9484588170238312,
      0.9123572772990863,
      0.9559635599478127,
      0.9339071203790253,
      0.9561498799648794,
      0.9292260259743357,
      0.9200843968039412,
      0.779412071254755,
      0.9495346421570533,
      0.9327305717604379,
      0.9402892731018516,
      0.9355323529675067,
      0.9482961548604485,
      0.6897296133814257,
      0.932115540586556,
      0.9303527089484955,
      0.9014301382386627,
      0.959988184747778,
      0.9550597575338101,
      0.9620010122279672,
      0.8787262957123407,
      0.6802859786096161,
      0.9134212834092565,
      0.8580360476641281,
      0.8139799682964464,
      0.6929042538278982
    ],
    [
      0.9708575837783997,
      0.9819243029858172,
      0.9571048246321855,
      1.0000000000000084,
      0.9671095726723027,
      0.710012882007695,
      0.8234971533826156,
      0.912493476070952,
      0.9109940818813125,
      0.9701330599908143,
      0.9696864610717056,
      0.9721416958733121,
      0.9699497474774661,
      0.9685969607041386,
      0.9543695345236705,
      0.9629056904464515,
      0.9102114875327164,
      0.9310646836708499,
      0.9128911192831992,
      0.9163152264573278,
      0.8066743443025334,
      0.9093148070909184,
      0.9384330871243951,
      0.9228179781131884,
      0.923336453643254,
      0.9502406015631032,
      0.6924412299740613,
      0.9214703344926722,
      0.9180102285308922,
      0.9011355648515292,
      0.9614036190711106,
      0.9327042351649838,
      0.953249657847176,
      0.8910175366061626,
      0.6684586745162229,
      0.8826937237866448,
      0.8707555801498149,
      0.7828851446545679,
      0.7173691381747126
    ],
    [
      0.9467742296964803,
      0.9602049705766003,
      0.9407559363642001,
      0.9671095726723027,
      1.0000000000000049,
      0.7141424048699906,
      0.8076591166138672,
      0.8946503279618997,
      0.9235121790422837,
      0.941795196905573,
      0.9426687480033432,
      0.9468163136702551,
      0.9476280611730512,
      0.9447102390173514,
      0.9302413214588106,
      0.937045151955557,
      0.9027518403581704,
      0.9114799095298408,
      0.8929648323652573,
      0.9002765082380821,
      0.8055968773953535,
      0.8971957250159492,
      0.9266412767044354,
      0.9109959001681179,
      0.8980968554565032,
      0.9190965103247744,
      0.6822947062542623,
      0.9018743783556593,
      0.8917330745046147,
      0.8643163051300172,
      0.9361449486933809,
      0.9184800178705621,
      0.9340310143729341,
      0.8709278307525776,
      0.6763906772318736,
      0.8531680320797644,
      0.8581568678388298,
      0.7639011957433256,
      0.7104583077060231
    ],
    [
      0.6822007677861124,
      0.7247865796088894,
      0.6806411339588286,
      0.710012882007695,
      0.7141424048699906,
      0.999999999999997,
      0.8196633977323153,
      0.7930741914205645,
      0.7633610495823479,
      0.7614058428225593,
      0.7537101467620688,
      0.7400415896179264,
      0.7359491182035627,
      0.744206538598706,
      0.8078531211462141,
      0.7540127829025851,
      0.8025946244507682,
      0.7718900742443255,
      0.7398972869124353,
      0.7685582621500402,
      0.8242287538938339,
      0.7056284866427343,
      0.7541858835406892,
      0.7066995315410225,
      0.7995820460221161,
      0.6495593064153183,
      0.5666179088870046,
      0.7341735571882169,
      0.7633692786894707,
      0.6491747988959905,
      0.5853425435973609,
      0.7285516414746962,
      0.7509878733489318,
      0.7980335419316886,
      0.5792199597636961,
      0.6951519226813214,
      0.8155724229262065,
      0.5762571314487113,
      0.8030745753245754
    ],
    [
      0.8038818688492729,
      0.853227257598651,
      0.853565107823507,
      0.8234971533826156,
      0.8076591166138672,
      0.8196633977323153,
      1.000000000000002,
      0.8836473636133321,
      0.8553909524058186,
      0.8828388582432063,
      0.8791831964809957,
      0.8628165875700912,
      0.8529383397160788,
      0.8594188125864358,
      0.8680863338330289,
      0.8707491328850737,
      0.8739232653508373,
      0.9042259727108137,
      0.8614673478693862,
      0.877196607891247,
      0.8336735592723675,
      0.8279353686495702,
      0.8511575709161023,
      0.8002137710338101,
      0.9200347146213096,
      0.8169442755874539,
      0.6403975205338207,
      0.871977246846846,
      0.8974005855998425,
      0.7588372240517683,
      0.7537774327545762,
      0.8611622898664822,
      0.8666435671628834,
      0.8923630193087714,
      0.6554419520127067,
      0.8885489188026815,
      0.9013352655888325,
      0.760135659125786,
      0.8125952937650798
    ],
    [
      0.9200010697616791,
      0.9274165110255569,
      0.9409776740135368,
      0.912493476070952,
      0.8946503279618997,
      0.7930741914205645,
      0.8836473636133321,
      1.0000000000000044,
      0.9083659738501351,
      0.9319380792416964,
      0.9289094721861916,
      0.9181140977272673,
      0.9072485924471259,
      0.919163643985379,
      0.9102793006475972,
      0.9376442368796857,
      0.9581746741600242,
      0.9602720953635308,
      0.9292829046783555,
      0.91923544503381,
      0.8065961017816362,
      0.9537483607210678,
      0.9322750331767246,
      0.9391416634503392,
      0.9534318342256533,
      0.9105480092165066,
      0.6864377246178082,
      0.9269527505724023,
      0.9344292679147195,
      0.8983717395974519,
      0.8843091560023366,
      0.9427041819064856,
      0.9558439724235226,
      0.877182713889722,
      0.6910124798517164,
      0.8990883329382691,
      0.8683382760321958,
      0.781127732914269,
      0.7308588780694837
    ],
    [
      0.8930321938638095,
      0.9091647006098496,
      0.9173380095797865,
      0.9109940818813125,
      0.9235121790422837,
      0.7633610495823479,
      0.8553909524058186,
      0.9083659738501351,
      1.000000000000007,
      0.9002176465003884,
      0.8971547246661291,
      0.8950142429843864,
      0.8939351077967892,
      0.888376928433654,
      0.8975360487458469,
      0.9103619541645827,
      0.9089771026778799,
      0.9018096785755827,
      0.891026428308541,
      0.8960857849804738,
      0.8374979737713935,
      0.8769486301187704,
      0.8858325707325942,
      0.889041635364556,
      0.8976643449970163,
      0.8668471327747546,
      0.6610922355218076,
      0.8964336763551772,
      0.8894176506679051,
      0.8209916267092144,
      0.8752487595707817,
      0.921242581063466,
      0.9061808672612702,
      0.8493465687642983,
      0.6888452850033293,
      0.8527769075299757,
      0.8570542273560061,
      0.7598173426298105,
      0.7005292643966996
    ],
    [
      0.9569155281563254,
      0.9736424075383541,
      0.9552772480871256,
      0.9701330599908143,
      0.941795196905573,
      0.7614058428225593,
      0.8828388582432063,
      0.9319380792416964,
      0.9002176465003884,
      0.999999999999993,
      0.997710894430049,
      0.9874848565046105,
      0.984361105442765,
      0.9862372606535712,
      0.9638831918674832,
      0.9736625439065489,
      0.9373657353269579,
      0.9597841243484238,
      0.9274524345664166,
      0.9344786800354725,
      0.8285048333399102,
      0.9288125160762339,
      0.9491905732396696,
      0.9240069493888982,
      0.9486563263193908,
      0.9377071451049533,
      0.697799833640811,
      0.9383237429579782,
      0.9396063021394163,
      0.8964584713292318,
      0.9306103462743112,
      0.9363367377038347,
      0.9681171005742435,
      0.9269445220485425,
      0.675213274270989,
      0.9064040287522365,
      0.9103230189431841,
      0.7930434357271574,
      0.7823333464030557
    ],
    [
      0.9548215455732484,
      0.9728123869549665,
      0.9572829832887292,
      0.9696864610717056,
      0.9426687480033432,
      0.7537101467620688,
      0.8791831964809957,
      0.9289094721861916,
      0.8971547246661291,
      0.997710894430049,
      0.9999999999999941,
      0.9864320286985341,
      0.9825997736135179,
      0.9845777161040528,
      0.9581095445240174,
      0.9709452083933261,
      0.9334056492296805,
      0.9582423073436984,
      0.9251788867077483,
      0.931694885122213,
      0.8227773005857714,
      0.9263305380823789,
      0.9473412836800579,
      0.9216207485367354,
      0.9467160361462954,
      0.9366684565187412,
      0.6988257706101069,
      0.9359508402348848,
      0.9358059893510192,
      0.8946340545295342,
      0.9315258896037081,
      0.9336492234040293,
      0.9653070163847882,
      0.9232981480017657,
      0.6742705439631614,
      0.9045024434606063,
      0.9047979672965865,
      0.794793075413485,
      0.7776391028239523
    ],
    [
      0.9618405747040161,
      0.9781159818586123,
      0.9523415910234025,
      0.9721416958733121,
      0.9468163136702551,
      0.7400415896179264,
      0.8628165875700912,
      0.9181140977272673,
      0.8950142429843864,
      0.9874848565046105,
      0.9864320286985341,
      0.9999999999999967,
      0.9959302383374342,
      0.9953423345557787,
      0.9657933341658492,
      0.9711482706387784,
      0.92401216695167,
      0.9447557801352591,
      0.9212476390802997,
      0.9287232822717484,
      0.8195464733616843,
      0.9190109162037403,
      0.9391263845586135,
      0.9163331115601429,
      0.9325689525201274,
      0.9344676237381198,
      0.6905502621479266,
      0.9293843210036582,
      0.9324524065236321,
      0.8918659425923073,
      0.9415552883553384,
      0.9309994184811251,
      0.9588515364764932,
      0.9261974552896426,
      0.6767784654030928,
      0.9009627029077325,
      0.9076649523450203,
      0.7936643139173375,
      0.7774166846803755
    ],
    [
      0.9599640723881894,
      0.976148920865559,
      0.9467766272234944,
      0.9699497474774661,
      0.9476280611730512,
      0.7359491182035627,
      0.8529383397160788,
      0.9072485924471259,
      0.8939351077967892,
      0.984361105442765,
      0.9825997736135179,
      0.9959302383374342,
      1.0000000000000036,
      0.9942035719303665,
      0.9631916427530494,
      0.968706852133469,
      0.9175549191099998,
      0.9362802492589933,
      0.9128624909769348,
      0.9211159283789728,
      0.81829233833479,
      0.9133021432294108,
      0.9375461598931372,
      0.9133019328758638,
      0.9248949645989668,
      0.9268802046048661,
      0.6848799802622135,
      0.9229053798216885,
      0.9230328850874687,
      0.8821162955139886,
      0.9398955743140851,
      0.9256544354135,
      0.9550760390935209,
      0.9199058363266889,
      0.6722124440083359,
      0.8906939156470814,
      0.9018798306625986,
      0.7844402598755252,
      0.7677570991891304
    ],
    [
      0.9608299971157702,
      0.9750756872463445,
      0.9484588170238312,
      0.9685969607041386,
      0.9447102390173514,
      0.744206538598706,
      0.8594188125864358,
      0.919163643985379,
      0.888376928433654,
      0.9862372606535712,
      0.9845777161040528,
      0.9953423345557787,
      0.9942035719303665,
      0.9999999999999967,
      0.9678181423250015,
      0.9709391325011438,
      0.9274799425519898,
      0.9450992511189018,
      0.9206422184579006,
      0.9274108512150508,
      0.8201768008092081,
      0.9236048892181483,
      0.9407443268080259,
      0.9195686258748603,
      0.9319490814560624,
      0.9318140646491991,
      0.6914771199531063,
      0.9280175973676412,
      0.9331169649228228,
      0.8943777693081731,
      0.9361166851707414,
      0.9295545586002132,
      0.9614110968831351,
      0.928244918079657,
      0.6724880207135724,
      0.8985953424553839,
      0.9097170757470481,
      0.7869854296907034,
      0.7817845130793474
    ],
    [
      0.9396275461702387,
      0.9521437639583893,
      0.9123572772990863,
      0.9543695345236705,
      0.9302413214588106,
      0.8078531211462141,
      0.8680863338330289,
      0.9102793006475972,
      0.8975360487458469,
      0.9638831918674832,
      0.9581095445240174,
      0.9657933341658492,
      0.9631916427530494,
      0.9678181423250015,
      1.0000000000000044,
      0.9536232334068078,
      0.9188619851930099,
      0.9301044974810343,
      0.9038848115571287,
      0.9166630962377584,
      0.8487309402918328,
      0.8937630326395478,
      0.9188154210848316,
      0.9020152132731595,
      0.9254110852765656,
      0.9038765993808642,
      0.6876555601199184,
      0.9124189300362247,
      0.9357448498074239,
      0.8744429672383017,
      0.8956066154829163,
      0.9152144303170155,
      0.941045041485738,
      0.925303712304305,
      0.6629444161778615,
      0.8832705448440705,
      0.9168094461932559,
      0.7635398280087773,
      0.8023975571311164
    ],
    [
      0.9592546611870628,
      0.9628315389627827,
      0.9559635599478127,
      0.9629056904464515,
      0.937045151955557,
      0.7540127829025851,
      0.8707491328850737,
      0.9376442368796857,
      0.9103619541645827,
      0.9736625439065489,
      0.9709452083933261,
      0.9711482706387784,
      0.968706852133469,
      0.9709391325011438,
      0.9536232334068078,
      1.0000000000000107,
      0.9398943767294348,
      0.9608917628110969,
      0.9433156402816729,
      0.944059798165733,
      0.8204319047718593,
      0.9473253655181453,
      0.954773726596497,
      0.9403992975241795,
      0.9550481984219825,
      0.9336389649672618,
      0.6872820834034257,
      0.9402133873811566,
      0.9469464274131663,
      0.9081531629451386,
      0.9310719364853144,
      0.965543760138115,
      0.9767277849455596,
      0.9104321629963364,
      0.7059892348736069,
      0.915319936836816,
      0.8930579103141262,
      0.7975320117118485,
      0.7440914502310347
    ],
    [
      0.9169877630743093,
      0.9189532898827304,
      0.9339071203790253,
      0.9102114875327164,
      0.9027518403581704,
      0.8025946244507682,
      0.8739232653508373,
      0.9581746741600242,
      0.9089771026778799,
      0.9373657353269579,
      0.9334056492296805,
      0.92401216695167,
      0.9175549191099998,
      0.9274799425519898,
      0.9188619851930099,
      0.9398943767294348,
      1.000000000000012,
      0.9510554891525336,
      0.9295897969280856,
      0.92243477041613,
      0.8268268159599116,
      0.9562271409223717,
      0.939097561232197,
      0.9449323263624909,
      0.944576753898874,
      0.8871489232319704,
      0.6759341175877205,
      0.9228720341779879,
      0.9315673860534193,
      0.8901711297408279,
      0.8717278582157423,
      0.9444868431846598,
      0.9593157496693032,
      0.8814286557987469,
      0.6823050943459059,
      0.8834732044256409,
      0.884206340380335,
      0.7671932500606673,
      0.7518372949287493
    ],
    [
      0.9294674852576058,
      0.9449047740138258,
      0.9561498799648794,
      0.9310646836708499,
      0.9114799095298408,
      0.7718900742443255,
      0.9042259727108137,
      0.9602720953635308,
      0.9018096785755827,
      0.9597841243484238,
      0.9582423073436984,
      0.9447557801352591,
      0.9362802492589933,
      0.9450992511189018,
      0.9301044974810343,
      0.9608917628110969,
      0.9510554891525336,
      1.0000000000000162,
      0.9397577588655059,
      0.938248338127688,
      0.8065389437538522,
      0.9525367154557989,
      0.9471649726188058,
      0.933490650377359,
      0.9657091121198506,
      0.9207399172691957,
      0.6912838536272258,
      0.9390769636974636,
      0.9459171974527272,
      0.8917197528967692,
      0.8960329453172277,
      0.9558561600003816,
      0.9687545204916852,
      0.8956967343312314,
      0.7219118506736694,
      0.9219777377788363,
      0.8835753663936623,
      0.8040144584509873,
      0.7476323418947295
    ],
    [
      0.9206116330663014,
      0.9204900396259558,
      0.9292260259743357,
      0.9128911192831992,
      0.8929648323652573,
      0.7398972869124353,
      0.8614673478693862,
      0.9292829046783555,
      0.891026428308541,
      0.9274524345664166,
      0.9251788867077483,
      0.9212476390802997,
      0.9128624909769348,
      0.9206422184579006,
      0.9038848115571287,
      0.9433156402816729,
      0.9295897969280856,
      0.9397577588655059,
      0.9999999999999886,
      0.9836993110379967,
      0.765972489016054,
      0.9201584860579155,
      0.9188768595049782,
      0.9127582283164926,
      0.9301238439359398,
      0.9147215347324916,
      0.6621803293357211,
      0.9041233944009461,
      0.919531528772559,
      0.8976373051766756,
      0.8960616333302226,
      0.9472522696323393,
      0.9466590897086649,
      0.8628375004757439,
      0.6900480087585225,
      0.888342937425339,
      0.8449801556342187,
      0.7686726946926569,
      0.6953414391379321
    ],
    [
      0.9122521880019921,
      0.9258184264383494,
      0.9200843968039412,
      0.9163152264573278,
      0.9002765082380821,
      0.7685582621500402,
      0.877196607891247,
      0.91923544503381,
      0.8960857849804738,
      0.9344786800354725,
      0.931694885122213,
      0.9287232822717484,
      0.9211159283789728,
      0.9274108512150508,
      0.9166630962377584,
      0.944059798165733,
      0.92243477041613,
      0.938248338127688,
      0.9836993110379967,
      0.9999999999999922,
      0.8074992225450943,
      0.9028628942244594,
      0.9196959912168653,
      0.8959361890351141,
      0.93214987470105,
      0.9041379805804463,
      0.6685372522840084,
      0.9013121300848527,
      0.9143195348536111,
      0.8773327101801065,
      0.889556043585463,
      0.9373601186800485,
      0.9418158821345974,
      0.8793190876092936,
      0.7075074337238372,
      0.8837566194434141,
      0.8669113321118899,
      0.7675564743408357,
      0.737413651396481
    ],
    [
      0.7765046016434602,
      0.8117448262419876,
      0.779412071254755,
      0.8066743443025334,
      0.8055968773953535,
      0.8242287538938339,
      0.8336735592723675,
      0.8065961017816362,
      0.8374979737713935,
      0.8285048333399102,
      0.8227773005857714,
      0.8195464733616843,
      0.81829233833479,
      0.8201768008092081,
      0.8487309402918328,
      0.8204319047718593,
      0.8268268159599116,
      0.8065389437538522,
      0.765972489016054,
      0.8074992225450943,
      0.999999999999998,
      0.7544635899179106,
      0.8023898812139003,
      0.7567743918103234,
      0.8173084086635529,
      0.7346163087897717,
      0.6275053680353694,
      0.7958927368410459,
      0.8070917303726244,
      0.7075939072444072,
      0.726092111105228,
      0.7945279628867464,
      0.7969926614760243,
      0.8594631425065284,
      0.5923685544221365,
      0.7721561880439842,
      0.8923061979578365,
      0.6769133843251548,
      0.8460322845753443
    ],
    [
      0.9429761432558903,
      0.9178584124017383,
      0.9495346421570533,
      0.9093148070909184,
      0.8971957250159492,
      0.7056284866427343,
      0.8279353686495702,
      0.9537483607210678,
      0.8769486301187704,
      0.9288125160762339,
      0.9263305380823789,
      0.9190109162037403,
      0.9133021432294108,
      0.9236048892181483,
      0.8937630326395478,
      0.9473253655181453,
      0.9562271409223717,
      0.9525367154557989,
      0.9201584860579155,
      0.9028628942244594,
      0.7544635899179106,
      0.9999999999999843,
      0.9522124578619924,
      0.9791344572894497,
      0.937953826230776,
      0.9006444555474846,
      0.6657147544713493,
      0.9132358006273867,
      0.9179279408982226,
      0.9184006905443383,
      0.9076442921828158,
      0.9537996268393184,
      0.9719593952560825,
      0.8415641305229652,
      0.6824905039074306,
      0.8772999637728254,
      0.8334096594733191,
      0.7605270645644546,
      0.6703457077002368
    ],
    [
      0.9388825835544593,
      0.9417055515155822,
      0.9327305717604379,
      0.9384330871243951,
      0.9266412767044354,
      0.7541858835406892,
      0.8511575709161023,
      0.9322750331767246,
      0.8858325707325942,
      0.9491905732396696,
      0.9473412836800579,
      0.9391263845586135,
      0.9375461598931372,
      0.9407443268080259,
      0.9188154210848316,
      0.954773726596497,
      0.939097561232197,
      0.9471649726188058,
      0.9188768595049782,
      0.9196959912168653,
      0.8023898812139003,
      0.9522124578619924,
      0.9999999999999926,
      0.9466295359067687,
      0.9463004361059085,
      0.9096760883246002,
      0.678454916928003,
      0.91105982261721,
      0.9063846998889703,
      0.8960532199997712,
      0.903493076844562,
      0.944380463007383,
      0.9710577270184102,
      0.8632307243122652,
      0.6992427613741528,
      0.8645457186236296,
      0.8532217923877743,
      0.7535196773078339,
      0.7092460878265946
    ],
    [
      0.9522046036416507,
      0.9214162275646253,
      0.9402892731018516,
      0.9228179781131884,
      0.9109959001681179,
      0.7066995315410225,
      0.8002137710338101,
      0.9391416634503392,
      0.889041635364556,
      0.9240069493888982,
      0.9216207485367354,
      0.9163331115601429,
      0.9133019328758638,
      0.9195686258748603,
      0.9020152132731595,
      0.9403992975241795,
      0.9449323263624909,
      0.933490650377359,
      0.9127582283164926,
      0.8959361890351141,
      0.7567743918103234,
      0.9791344572894497,
      0.9466295359067687,
      0.9999999999999895,
      0.9282472481154826,
      0.8981925401382216,
      0.65555106495887,
      0.913465360750285,
      0.9115352913663601,
      0.9248153133039207,
      0.918305087725361,
      0.9528821251959149,
      0.9668324442519671,
      0.82732001187126,
      0.6661596939540058,
      0.8593273147664865,
      0.8260372811827114,
      0.7477636093863361,
      0.6331257739715678
    ],
    [
      0.9148067381741597,
      0.9327694995297814,
      0.9355323529675067,
      0.923336453643254,
      0.8980968554565032,
      0.7995820460221161,
      0.9200347146213096,
      0.9534318342256533,
      0.8976643449970163,
      0.9486563263193908,
      0.9467160361462954,
      0.9325689525201274,
      0.9248949645989668,
      0.9319490814560624,
      0.9254110852765656,
      0.9550481984219825,
      0.944576753898874,
      0.9657091121198506,
      0.9301238439359398,
      0.93214987470105,
      0.8173084086635529,
      0.937953826230776,
      0.9463004361059085,
      0.9282472481154826,
      0.9999999999999859,
      0.9084704779082298,
      0.683525736054396,
      0.9469790924354666,
      0.9552573708085219,
      0.8825827015405512,
      0.8738915401693871,
      0.9544562599535151,
      0.9625878441232468,
      0.896769089963548,
      0.7268416973502341,
      0.9277944720390304,
      0.8920288372000871,
      0.802211005363164,
      0.7351522838697451
    ],
    [
      0.9399332638682828,
      0.9460063715073772,
      0.9482961548604485,
      0.9502406015631032,
      0.9190965103247744,
      0.6495593064153183,
      0.8169442755874539,
      0.9105480092165066,
      0.8668471327747546,
      0.9377071451049533,
      0.9366684565187412,
      0.9344676237381198,
      0.9268802046048661,
      0.9318140646491991,
      0.9038765993808642,
      0.9336389649672618,
      0.8871489232319704,
      0.9207399172691957,
      0.9147215347324916,
      0.9041379805804463,
      0.7346163087897717,
      0.9006444555474846,
      0.9096760883246002,
      0.8981925401382216,
      0.9084704779082298,
      1.0000000000000098,
      0.6825847819936974,
      0.9267681243837069,
      0.9306056981970526,
      0.924472615866155,
      0.9470174404034762,
      0.9169818511824308,
      0.9352013297936346,
      0.8690139107032399,
      0.6538231480384203,
      0.9049470806785022,
      0.8390734171132567,
      0.7990617908191145,
      0.6674835152749229
    ],
    [
      0.6865669907733444,
      0.6990016430603879,
      0.6897296133814257,
      0.6924412299740613,
      0.6822947062542623,
      0.5666179088870046,
      0.6403975205338207,
      0.6864377246178082,
      0.6610922355218076,
      0.697799833640811,
      0.6988257706101069,
      0.6905502621479266,
      0.6848799802622135,
      0.6914771199531063,
      0.6876555601199184,
      0.6872820834034257,
      0.6759341175877205,
      0.6912838536272258,
      0.6621803293357211,
      0.6685372522840084,
      0.6275053680353694,
      0.6657147544713493,
      0.678454916928003,
      0.65555106495887,
      0.683525736054396,
      0.6825847819936974,
      0.9999999999999978,
      0.6595798922371868,
      0.6725509823241175,
      0.6440104994648711,
      0.6651652056621183,
      0.6706130668397909,
      0.6894571350420816,
      0.6741492771824545,
      0.4777035855374837,
      0.651561993178705,
      0.6665978558709487,
      0.5698274198633005,
      0.5994831021925318
    ],
    [
      0.9071032878832667,
      0.9270196970834933,
      0.932115540586556,
      0.9214703344926722,
      0.9018743783556593,
      0.7341735571882169,
      0.871977246846846,
      0.9269527505724023,
      0.8964336763551772,
      0.9383237429579782,
      0.9359508402348848,
      0.9293843210036582,
      0.9229053798216885,
      0.9280175973676412,
      0.9124189300362247,
      0.9402133873811566,
      0.9228720341779879,
      0.9390769636974636,
      0.9041233944009461,
      0.9013121300848527,
      0.7958927368410459,
      0.9132358006273867,
      0.91105982261721,
      0.913465360750285,
      0.9469790924354666,
      0.9267681243837069,
      0.6595798922371868,
      1.0000000000000036,
      0.9699413842237304,
      0.8854119511993742,
      0.8885756216334543,
      0.9381592232679623,
      0.9383370764119129,
      0.9021780354087712,
      0.6986642772200873,
      0.9426523420895596,
      0.9024642729022173,
      0.8323680801631745,
      0.7085520424287303
    ],
    [
      0.9151863425128266,
      0.925411801064112,
      0.9303527089484955,
      0.9180102285308922,
      0.8917330745046147,
      0.7633692786894707,
      0.8974005855998425,
      0.9344292679147195,
      0.8894176506679051,
      0.9396063021394163,
      0.9358059893510192,
      0.9324524065236321,
      0.9230328850874687,
      0.9331169649228228,
      0.9357448498074239,
      0.9469464274131663,
      0.9315673860534193,
      0.9459171974527272,
      0.919531528772559,
      0.9143195348536111,
      0.8070917303726244,
      0.9179279408982226,
      0.9063846998889703,
      0.9115352913663601,
      0.9552573708085219,
      0.9306056981970526,
      0.6725509823241175,
      0.9699413842237304,
      0.9999999999999962,
      0.8994618323462571,
      0.8823655187003867,
      0.9457054053129926,
      0.9439595271210335,
      0.9341629769953083,
      0.6904512032666119,
      0.9615805083902129,
      0.9281674951159983,
      0.8323251311638893,
      0.7537289629255135
    ],
    [
      0.9186226491658147,
      0.8915440866118853,
      0.9014301382386627,
      0.9011355648515292,
      0.8643163051300172,
      0.6491747988959905,
      0.7588372240517683,
      0.8983717395974519,
      0.8209916267092144,
      0.8964584713292318,
      0.8946340545295342,
      0.8918659425923073,
      0.8821162955139886,
      0.8943777693081731,
      0.8744429672383017,
      0.9081531629451386,
      0.8901711297408279,
      0.8917197528967692,
      0.8976373051766756,
      0.8773327101801065,
      0.7075939072444072,
      0.9184006905443383,
      0.8960532199997712,
      0.9248153133039207,
      0.8825827015405512,
      0.924472615866155,
      0.6440104994648711,
      0.8854119511993742,
      0.8994618323462571,
      1.0000000000000142,
      0.9019444308414756,
      0.9022267340105952,
      0.9270374501112304,
      0.8211669100808392,
      0.6137737658808323,
      0.8543034157933478,
      0.8014777279644978,
      0.7364080329810139,
      0.6314367802874933
    ],
    [
      0.9720016415397009,
      0.9593466035034056,
      0.959988184747778,
      0.9614036190711106,
      0.9361449486933809,
      0.5853425435973609,
      0.7537774327545762,
      0.8843091560023366,
      0.8752487595707817,
      0.9306103462743112,
      0.9315258896037081,
      0.9415552883553384,
      0.9398955743140851,
      0.9361166851707414,
      0.8956066154829163,
      0.9310719364853144,
      0.8717278582157423,
      0.8960329453172277,
      0.8960616333302226,
      0.889556043585463,
      0.726092111105228,
      0.9076442921828158,
      0.903493076844562,
      0.918305087725361,
      0.8738915401693871,
      0.9470174404034762,
      0.6651652056621183,
      0.8885756216334543,
      0.8823655187003867,
      0.9019444308414756,
      0.9999999999999956,
      0.9212858199154208,
      0.9289762983018475,
      0.8369813863730212,
      0.6316543430930087,
      0.8572419492289979,
      0.8069972526989794,
      0.7691045469827429,
      0.6227725235311781
    ],
    [
      0.9449413206912618,
      0.93822697577906,
      0.9550597575338101,
      0.9327042351649838,
      0.9184800178705621,
      0.7285516414746962,
      0.8611622898664822,
      0.9427041819064856,
      0.921242581063466,
      0.9363367377038347,
      0.9336492234040293,
      0.9309994184811251,
      0.9256544354135,
      0.9295545586002132,
      0.9152144303170155,
      0.965543760138115,
      0.9444868431846598,
      0.9558561600003816,
      0.9472522696323393,
      0.9373601186800485,
      0.7945279628867464,
      0.9537996268393184,
      0.944380463007383,
      0.9528821251959149,
      0.9544562599535151,
      0.9169818511824308,
      0.6706130668397909,
      0.9381592232679623,
      0.9457054053129926,
      0.9022267340105952,
      0.9212858199154208,
      0.9999999999999971,
      0.969149120151332,
      0.8677970148597295,
      0.7312525395741654,
      0.9180386061210192,
      0.8621939548671672,
      0.8009590362628924,
      0.6671659983289907
    ],
    [
      0.9617514226726765,
      0.9591155823545586,
      0.9620010122279672,
      0.953249657847176,
      0.9340310143729341,
      0.7509878733489318,
      0.8666435671628834,
      0.9558439724235226,
      0.9061808672612702,
      0.9681171005742435,
      0.9653070163847882,
      0.9588515364764932,
      0.9550760390935209,
      0.9614110968831351,
      0.941045041485738,
      0.9767277849455596,
      0.9593157496693032,
      0.9687545204916852,
      0.9466590897086649,
      0.9418158821345974,
      0.7969926614760243,
      0.9719593952560825,
      0.9710577270184102,
      0.9668324442519671,
      0.9625878441232468,
      0.9352013297936346,
      0.6894571350420816,
      0.9383370764119129,
      0.9439595271210335,
      0.9270374501112304,
      0.9289762983018475,
      0.969149120151332,
      1.000000000000012,
      0.8857681228128456,
      0.699958272580825,
      0.9055725045118427,
      0.8737229706999895,
      0.786157993239373,
      0.7104343875778266
    ],
    [
      0.877779253485577,
      0.916387137757278,
      0.8787262957123407,
      0.8910175366061626,
      0.8709278307525776,
      0.7980335419316886,
      0.8923630193087714,
      0.877182713889722,
      0.8493465687642983,
      0.9269445220485425,
      0.9232981480017657,
      0.9261974552896426,
      0.9199058363266889,
      0.928244918079657,
      0.925303712304305,
      0.9104321629963364,
      0.8814286557987469,
      0.8956967343312314,
      0.8628375004757439,
      0.8793190876092936,
      0.8594631425065284,
      0.8415641305229652,
      0.8632307243122652,
      0.82732001187126,
      0.896769089963548,
      0.8690139107032399,
      0.6741492771824545,
      0.9021780354087712,
      0.9341629769953083,
      0.8211669100808392,
      0.8369813863730212,
      0.8677970148597295,
      0.8857681228128456,
      1.0000000000000027,
      0.6297339598973843,
      0.9061203390556367,
      0.9724971534071148,
      0.7799903370625408,
      0.8933656957071919
    ],
    [
      0.6493831874006799,
      0.669393087229375,
      0.6802859786096161,
      0.6684586745162229,
      0.6763906772318736,
      0.5792199597636961,
      0.6554419520127067,
      0.6910124798517164,
      0.6888452850033293,
      0.675213274270989,
      0.6742705439631614,
      0.6767784654030928,
      0.6722124440083359,
      0.6724880207135724,
      0.6629444161778615,
      0.7059892348736069,
      0.6823050943459059,
      0.7219118506736694,
      0.6900480087585225,
      0.7075074337238372,
      0.5923685544221365,
      0.6824905039074306,
      0.6992427613741528,
      0.6661596939540058,
      0.7268416973502341,
      0.6538231480384203,
      0.4777035855374837,
      0.6986642772200873,
      0.6904512032666119,
      0.6137737658808323,
      0.6316543430930087,
      0.7312525395741654,
      0.699958272580825,
      0.6297339598973843,
      1.0000000000000027,
      0.6814392247276372,
      0.6351725120583903,
      0.6068435492055083,
      0.5165405082488678
    ],
    [
      0.8769738259463712,
      0.9008815233421715,
      0.9134212834092565,
      0.8826937237866448,
      0.8531680320797644,
      0.6951519226813214,
      0.8885489188026815,
      0.8990883329382691,
      0.8527769075299757,
      0.9064040287522365,
      0.9045024434606063,
      0.9009627029077325,
      0.8906939156470814,
      0.8985953424553839,
      0.8832705448440705,
      0.915319936836816,
      0.8834732044256409,
      0.9219777377788363,
      0.888342937425339,
      0.8837566194434141,
      0.7721561880439842,
      0.8772999637728254,
      0.8645457186236296,
      0.8593273147664865,
      0.9277944720390304,
      0.9049470806785022,
      0.651561993178705,
      0.9426523420895596,
      0.9615805083902129,
      0.8543034157933478,
      0.8572419492289979,
      0.9180386061210192,
      0.9055725045118427,
      0.9061203390556367,
      0.6814392247276372,
      0.9999999999999912,
      0.8979256472464385,
      0.9210030397984665,
      0.7243778097132102
    ],
    [
      0.8581484338745957,
      0.8934384036395747,
      0.8580360476641281,
      0.8707555801498149,
      0.8581568678388298,
      0.8155724229262065,
      0.9013352655888325,
      0.8683382760321958,
      0.8570542273560061,
      0.9103230189431841,
      0.9047979672965865,
      0.9076649523450203,
      0.9018798306625986,
      0.9097170757470481,
      0.9168094461932559,
      0.8930579103141262,
      0.884206340380335,
      0.8835753663936623,
      0.8449801556342187,
      0.8669113321118899,
      0.8923061979578365,
      0.8334096594733191,
      0.8532217923877743,
      0.8260372811827114,
      0.8920288372000871,
      0.8390734171132567,
      0.6665978558709487,
      0.9024642729022173,
      0.9281674951159983,
      0.8014777279644978,
      0.8069972526989794,
      0.8621939548671672,
      0.8737229706999895,
      0.9724971534071148,
      0.6351725120583903,
      0.8979256472464385,
      0.9999999999999973,
      0.7745023669472586,
      0.8981200191618862
    ],
    [
      0.7681759141549173,
      0.7990847876317928,
      0.8139799682964464,
      0.7828851446545679,
      0.7639011957433256,
      0.5762571314487113,
      0.760135659125786,
      0.781127732914269,
      0.7598173426298105,
      0.7930434357271574,
      0.794793075413485,
      0.7936643139173375,
      0.7844402598755252,
      0.7869854296907034,
      0.7635398280087773,
      0.7975320117118485,
      0.7671932500606673,
      0.8040144584509873,
      0.7686726946926569,
      0.7675564743408357,
      0.6769133843251548,
      0.7605270645644546,
      0.7535196773078339,
      0.7477636093863361,
      0.802211005363164,
      0.7990617908191145,
      0.5698274198633005,
      0.8323680801631745,
      0.8323251311638893,
      0.7364080329810139,
      0.7691045469827429,
      0.8009590362628924,
      0.786157993239373,
      0.7799903370625408,
      0.6068435492055083,
      0.9210030397984665,
      0.7745023669472586,
      0.9999999999999876,
      0.6149555588714793
    ],
    [
      0.6961337738170171,
      0.748048849006203,
      0.6929042538278982,
      0.7173691381747126,
      0.7104583077060231,
      0.8030745753245754,
      0.8125952937650798,
      0.7308588780694837,
      0.7005292643966996,
      0.7823333464030557,
      0.7776391028239523,
      0.7774166846803755,
      0.7677570991891304,
      0.7817845130793474,
      0.8023975571311164,
      0.7440914502310347,
      0.7518372949287493,
      0.7476323418947295,
      0.6953414391379321,
      0.737413651396481,
      0.8460322845753443,
      0.6703457077002368,
      0.7092460878265946,
      0.6331257739715678,
      0.7351522838697451,
      0.6674835152749229,
      0.5994831021925318,
      0.7085520424287303,
      0.7537289629255135,
      0.6314367802874933,
      0.6227725235311781,
      0.6671659983289907,
      0.7104343875778266,
      0.8933656957071919,
      0.5165405082488678,
      0.7243778097132102,
      0.8981200191618862,
      0.6149555588714793,
      0.9999999999999978
    ]
  ],
  "distance_matrix": [
    [
      9.325873406851315e-15,
      0.02997578468915263,
      0.040055308647876875,
