{
  "corpus_info": {
    "num_binaries": 15,
    "binary_names": [
      "grep",
      "sed",
      "gzip",
      "bzip2",
      "xz",
      "find",
      "tar",
      "bash",
      "python3",
      "curl",
      "git",
      "vim",
      "nano",
      "gcc",
      "objdump"
    ],
    "binary_categories": {
      "grep": "text_processing",
      "sed": "text_processing",
      "gzip": "compression",
      "bzip2": "compression",
      "xz": "compression",
      "find": "system",
      "tar": "archives",
      "bash": "shells",
      "python3": "interpreters",
      "curl": "networking",
      "git": "version_control",
      "vim": "editors",
      "nano": "editors",
      "gcc": "compilers",
      "objdump": "unknown"
    },
    "total_instructions": 3123209,
    "total_functions": 6013
  },
  "ncd_analysis": {
    "zlib": {
      "matrix": [
        [
          0.0,
          0.9763390713942802,
          0.97873945545573,
          0.9903298813524449,
          0.9812084219189356,
          0.9822371579452712,
          0.9882732464362004,
          0.995846313603323,
          0.9988274952366994,
          0.9814827515259584,
          0.999597955315605,
          1.0,
          0.9892982289989583,
          0.9972849385538726,
          0.9943677982741694
        ],
        [
          0.9763390713942802,
          0.0,
          0.9663381685306167,
          0.9836120031004318,
          0.973535599601373,
          0.9834534843803638,
          0.9893194995422643,
          0.9960906480972451,
          0.9984464311886267,
          0.9779988198600691,
          0.9990236057664694,
          0.9985923989543535,
          0.9885879344634909,
          0.9978565304372677,
          0.9898206996331318
        ],
        [
          0.97873945545573,
          0.9663381685306167,
          0.0,
          0.9768104676771603,
          0.9645031739862676,
          0.9842773772742877,
          0.9882732464362004,
          0.9954798118624397,
          0.9978015535688114,
          0.9818764224900952,
          0.9977026018034576,
          0.9973571572204188,
          0.99100293588408,
          0.9970348671048871,
          0.992610964708314
        ],
        [
          0.9903298813524449,
          0.9836120031004318,
          0.9768104676771603,
          0.0,
          0.9628135414839502,
          0.9890147614143495,
          0.9921095078251013,
          0.9969458188259728,
          0.9974204895207387,
          0.9823821967461857,
          0.9978749066681982,
          0.997213524460659,
          0.99100293588408,
          0.9992140611603315,
          0.9941611119723041
        ],
        [
          0.9812084219189356,
          0.973535599601373,
          0.9645031739862676,
          0.9628135414839502,
          0.0,
          0.9824922760041195,
          0.9866602728976852,
          0.9976482804959991,
          0.9986809321412868,
          0.9754699485796173,
          0.9990236057664694,
          0.9991669299933928,
          0.9861255800738706,
          0.9976421834809945,
          0.9893039838784684
        ],
        [
          0.9822371579452712,
          0.9834534843803638,
          0.9842773772742877,
          0.9890147614143495,
          0.9824922760041195,
          0.0,
          0.9872705872095557,
          0.995846313603323,
          0.9984757438077092,
          0.9794713353930655,
          0.9992533455861237,
          0.9994829220648646,
          0.9904820532247371,
          0.9981780508716777,
          0.9928176510101793
        ],
        [
          0.9882732464362004,
          0.9893194995422643,
          0.9882732464362004,
          0.9921095078251013,
          0.9866602728976852,
          0.9872705872095557,
          0.0,
          0.9943192230163094,
          0.9972446138062436,
          0.9884476219538777,
          0.9971569697317788,
          0.9976444227399385,
          0.9884476219538777,
          0.9975350100028579,
          0.9928506037752299
        ],
        [
          0.995846313603323,
          0.9960906480972451,
          0.9954798118624397,
          0.9969458188259728,
          0.9976482804959991,
          0.995846313603323,
          0.9943192230163094,
          0.0,
          0.9912941521324931,
          0.999450247388675,
          0.988627878927115,
          0.9881933871477406,
          1.0,
          0.9962128153442062,
          1.0
        ],
        [
          0.9988274952366994,
          0.9984464311886267,
          0.9978015535688114,
          0.9974204895207387,
          0.9986809321412868,
          0.9984757438077092,
          0.9972446138062436,
          0.9912941521324931,
          0.0,
          1.0,
          0.989948882890127,
          0.9901180661285226,
          1.0,
          0.9973325516634911,
          1.0
        ],
        [
          0.9814827515259584,
          0.9779988198600691,
          0.9818764224900952,
          0.9823821967461857,
          0.9754699485796173,
          0.9794713353930655,
          0.9884476219538777,
          0.999450247388675,
          1.0,
          0.0,
          1.0,
          1.0,
          0.9900085235344256,
          0.9980351529008288,
          0.9869787629824833
        ],
        [
          0.999597955315605,
          0.9990236057664694,
          0.9977026018034576,
          0.9978749066681982,
          0.9990236057664694,
          0.9992533455861237,
          0.9971569697317788,
          0.988627878927115,
          0.989948882890127,
          1.0,
          0.0,
          0.9897478605479295,
          1.0,
          0.9970420998219517,
          1.0
        ],
        [
          1.0,
          0.9985923989543535,
          0.9973571572204188,
          0.997213524460659,
          0.9991669299933928,
          0.9994829220648646,
          0.9976444227399385,
          0.9881933871477406,
          0.9901180661285226,
          1.0,
          0.9897478605479295,
          0.0,
          1.0,
          0.9973284306684669,
          1.0
        ],
        [
          0.9892982289989583,
          0.9885879344634909,
          0.99100293588408,
          0.99100293588408,
          0.9861255800738706,
          0.9904820532247371,
          0.9884476219538777,
          1.0,
          1.0,
          0.9900085235344256,
          1.0,
          1.0,
          0.0,
          0.9983209488425264,
          0.9935126432427314
        ],
        [
          0.9972849385538726,
          0.9978565304372677,
          0.9970348671048871,
          0.9992140611603315,
          0.9976421834809945,
          0.9981780508716777,
          0.9975350100028579,
          0.9962128153442062,
          0.9973325516634911,
          0.9980351529008288,
          0.9970420998219517,
          0.9973284306684669,
          0.9983209488425264,
          0.0,
          0.9969991426121749
        ],
        [
          0.9943677982741694,
          0.9898206996331318,
          0.992610964708314,
          0.9941611119723041,
          0.9893039838784684,
          0.9928176510101793,
          0.9928506037752299,
          1.0,
          1.0,
          0.9869787629824833,
          1.0,
          1.0,
          0.9935126432427314,
          0.9969991426121749,
          0.0
        ]
      ],
      "binary_names": [
        "grep",
        "sed",
        "gzip",
        "bzip2",
        "xz",
        "find",
        "tar",
        "bash",
        "python3",
        "curl",
        "git",
        "vim",
        "nano",
        "gcc",
        "objdump"
      ],
      "statistics": {
        "mean_distance": 0.9919779200512817,
        "std_distance": 0.008259625296968552,
        "min_distance": 0.9628135414839502,
        "max_distance": 1.0,
        "median_distance": 0.9954798118624397
      },
      "most_similar_pairs": [
        {
          "binary1": "bzip2",
          "binary2": "xz",
          "distance": 0.9628135414839502,
          "similarity": 0.03718645851604985
        },
        {
          "binary1": "gzip",
          "binary2": "xz",
          "distance": 0.9645031739862676,
          "similarity": 0.035496826013732385
        },
        {
          "binary1": "sed",
          "binary2": "gzip",
          "distance": 0.9663381685306167,
          "similarity": 0.033661831469383285
        },
        {
          "binary1": "sed",
          "binary2": "xz",
          "distance": 0.973535599601373,
          "similarity": 0.026464400398626964
        },
        {
          "binary1": "xz",
          "binary2": "curl",
          "distance": 0.9754699485796173,
          "similarity": 0.02453005142038267
        }
      ],
      "most_different_pairs": [
        {
          "binary1": "grep",
          "binary2": "vim",
          "distance": 1.0,
          "similarity": 0.0
        },
        {
          "binary1": "bash",
          "binary2": "nano",
          "distance": 1.0,
          "similarity": 0.0
        },
        {
          "binary1": "bash",
          "binary2": "objdump",
          "distance": 1.0,
          "similarity": 0.0
        },
        {
          "binary1": "python3",
          "binary2": "curl",
          "distance": 1.0,
          "similarity": 0.0
        },
        {
          "binary1": "python3",
          "binary2": "nano",
          "distance": 1.0,
          "similarity": 0.0
        }
      ]
    },
    "lzma": {
      "matrix": [
        [
          0.0,
          0.8833063209076175,
          0.9458670988654782,
          0.9721231766612641,
          0.9539708265802269,
          0.9043760129659644,
          0.9489326077856843,
          0.9797847585805701,
          0.985145739910314,
          0.939384116693679,
          0.9830230010952903,
          0.9847715736040609,
          0.9449229374433363,
          0.9763243059104071,
          0.948989650073928
        ],
        [
          0.8833063209076175,
          0.0,
          0.92125579001544,
          0.9562532166752444,
          0.9336078229541945,
          0.9186727391021471,
          0.9598158225198828,
          0.9841477603257708,
          0.9852858744394619,
          0.9348598499802606,
          0.984118291347207,
          0.9865550830017835,
          0.9578422484134179,
          0.9819451541475047,
          0.9603252833908329
        ],
        [
          0.9458670988654782,
          0.92125579001544,
          0.0,
          0.9497607655502392,
          0.9300239234449761,
          0.9541314248536109,
          0.962955211385517,
          0.9869109947643979,
          0.9866872197309418,
          0.9403868930122384,
          0.9856243154435925,
          0.9877898202771299,
          0.9630553037171351,
          0.9821154828819622,
          0.9637752587481518
        ],
        [
          0.9721231766612641,
          0.9562532166752444,
          0.9497607655502392,
          0.0,
          0.934887459807074,
          0.9765777488614183,
          0.9794893260778569,
          0.9928737638161722,
          0.9901905829596412,
          0.9636794315041453,
          0.9915115005476451,
          0.9913568390725751,
          0.9777878513145966,
          0.9884176460568898,
          0.980039428289798
        ],
        [
          0.9539708265802269,
          0.9336078229541945,
          0.9300239234449761,
          0.934887459807074,
          0.0,
          0.9499024072869225,
          0.9650481372959397,
          0.9853112274578243,
          0.9862668161434978,
          0.9423608369522306,
          0.9850766703176341,
          0.9897105227054466,
          0.9603354487760652,
          0.9814341679441322,
          0.9613109906357812
        ],
        [
          0.9043760129659644,
          0.9186727391021471,
          0.9541314248536109,
          0.9765777488614183,
          0.9499024072869225,
          0.0,
          0.9127249895353704,
          0.9796393251890634,
          0.9817825112107623,
          0.9333116460637606,
          0.9824753559693319,
          0.9847715736040609,
          0.9444696282864914,
          0.9763243059104071,
          0.948989650073928
        ],
        [
          0.9489326077856843,
          0.9598158225198828,
          0.962955211385517,
          0.9794893260778569,
          0.9650481372959397,
          0.9127249895353704,
          0.0,
          0.9805119255381035,
          0.9819226457399103,
          0.9545835077438258,
          0.9830230010952903,
          0.9838112223899026,
          0.9480954374215153,
          0.9771759495826946,
          0.9562578484721641
        ],
        [
          0.9797847585805701,
          0.9841477603257708,
          0.9869109947643979,
          0.9928737638161722,
          0.9853112274578243,
          0.9796393251890634,
          0.9805119255381035,
          0.0,
          0.968609865470852,
          0.9822571262361838,
          0.9661829134720701,
          0.9683084099327754,
          0.9758580570098895,
          0.9719313554392088,
          0.9780395578824899
        ],
        [
          0.985145739910314,
          0.9852858744394619,
          0.9866872197309418,
          0.9901905829596412,
          0.9862668161434978,
          0.9817825112107623,
          0.9819226457399103,
          0.968609865470852,
          0.0,
          0.984585201793722,
          0.967552026286966,
          0.9695431472081218,
          0.9792600896860987,
          0.9744955156950673,
          0.9809417040358744
        ],
        [
          0.939384116693679,
          0.9348598499802606,
          0.9403868930122384,
          0.9636794315041453,
          0.9423608369522306,
          0.9333116460637606,
          0.9545835077438258,
          0.9822571262361838,
          0.984585201793722,
          0.0,
          0.9864457831325302,
          0.9887501714912882,
          0.9539891205802358,
          0.9817748254130472,
          0.9578610152784623
        ],
        [
          0.9830230010952903,
          0.984118291347207,
          0.9856243154435925,
          0.9915115005476451,
          0.9850766703176341,
          0.9824753559693319,
          0.9830230010952903,
          0.9661829134720701,
          0.967552026286966,
          0.9864457831325302,
          0.0,
          0.9674151150054765,
          0.9791894852135816,
          0.9746714129244249,
          0.9808324205914567
        ],
        [
          0.9847715736040609,
          0.9865550830017835,
          0.9877898202771299,
          0.9913568390725751,
          0.9897105227054466,
          0.9847715736040609,
          0.9838112223899026,
          0.9683084099327754,
          0.9695431472081218,
          0.9887501714912882,
          0.9674151150054765,
          0.0,
          0.979146659349705,
          0.9751680614624777,
          0.9803813966250514
        ],
        [
          0.9449229374433363,
          0.9578422484134179,
          0.9630553037171351,
          0.9777878513145966,
          0.9603354487760652,
          0.9444696282864914,
          0.9480954374215153,
          0.9758580570098895,
          0.9792600896860987,
          0.9539891205802358,
          0.9791894852135816,
          0.979146659349705,
          0.0,
          0.977005620848237,
          0.9537624660018132
        ],
        [
          0.9763243059104071,
          0.9819451541475047,
          0.9821154828819622,
          0.9884176460568898,
          0.9814341679441322,
          0.9763243059104071,
          0.9771759495826946,
          0.9719313554392088,
          0.9744955156950673,
          0.9817748254130472,
          0.9746714129244249,
          0.9751680614624777,
          0.977005620848237,
          0.0,
          0.9730880599557146
        ],
        [
          0.948989650073928,
          0.9603252833908329,
          0.9637752587481518,
          0.980039428289798,
          0.9613109906357812,
          0.948989650073928,
          0.9562578484721641,
          0.9780395578824899,
          0.9809417040358744,
          0.9578610152784623,
          0.9808324205914567,
          0.9803813966250514,
          0.9537624660018132,
          0.9730880599557146,
          0.0
        ]
      ],
      "binary_names": [
        "grep",
        "sed",
        "gzip",
        "bzip2",
        "xz",
        "find",
        "tar",
        "bash",
        "python3",
        "curl",
        "git",
        "vim",
        "nano",
        "gcc",
        "objdump"
      ],
      "statistics": {
        "mean_distance": 0.9673267579892719,
        "std_distance": 0.020878386872048193,
        "min_distance": 0.8833063209076175,
        "max_distance": 0.9928737638161722,
        "median_distance": 0.9758580570098895
      },
      "most_similar_pairs": [
        {
          "binary1": "grep",
          "binary2": "sed",
          "distance": 0.8833063209076175,
          "similarity": 0.11669367909238249
        },
        {
          "binary1": "grep",
          "binary2": "find",
          "distance": 0.9043760129659644,
          "similarity": 0.09562398703403563
        },
        {
          "binary1": "find",
          "binary2": "tar",
          "distance": 0.9127249895353704,
          "similarity": 0.0872750104646296
        },
        {
          "binary1": "sed",
          "binary2": "find",
          "distance": 0.9186727391021471,
          "similarity": 0.08132726089785292
        },
        {
          "binary1": "sed",
          "binary2": "gzip",
          "distance": 0.92125579001544,
          "similarity": 0.07874420998456
        }
      ],
      "most_different_pairs": [
        {
          "binary1": "bzip2",
          "binary2": "bash",
          "distance": 0.9928737638161722,
          "similarity": 0.007126236183827794
        },
        {
          "binary1": "bzip2",
          "binary2": "git",
          "distance": 0.9915115005476451,
          "similarity": 0.008488499452354858
        },
        {
          "binary1": "bzip2",
          "binary2": "vim",
          "distance": 0.9913568390725751,
          "similarity": 0.008643160927424898
        },
        {
          "binary1": "bzip2",
          "binary2": "python3",
          "distance": 0.9901905829596412,
          "similarity": 0.009809417040358759
        },
        {
          "binary1": "xz",
          "binary2": "vim",
          "distance": 0.9897105227054466,
          "similarity": 0.010289477294553429
        }
      ]
    },
    "compressor_comparison": {
      "correlation": 0.8212976938973745,
      "zlib_mean_distance": 0.9919779200512817,
      "lzma_mean_distance": 0.9673267579892719,
      "distance_difference": 0.02465116206200979,
      "interpretation": "High agreement between compressors - reliable similarity measure"
    }
  },
  "ngram_similarity": {},
  "hierarchical_clustering": {
    "ncd_zlib": {
      "methods": {
        "ward": {
          "linkage_method": "ward",
          "distance_threshold": 0.5,
          "linkage_matrix": [
            [
              3.0,
              4.0,
              0.9628135414839502,
              2.0
            ],
            [
              1.0,
              2.0,
              0.9663381685306167,
              2.0
            ],
            [
              5.0,
              9.0,
              0.9794713353930655,
              2.0
            ],
            [
              0.0,
              16.0,
              0.9812455268746523,
              3.0
            ],
            [
              7.0,
              11.0,
              0.9881933871477406,
              2.0
            ],
            [
              6.0,
              12.0,
              0.9884476219538777,
              2.0
            ],
            [
              10.0,
              19.0,
              0.9895193531036058,
              3.0
            ],
            [
              17.0,
              18.0,
              0.9897364402262255,
              5.0
            ],
            [
              8.0,
              21.0,
              0.9912515602451839,
              4.0
            ],
            [
              15.0,
              22.0,
              0.9928531418578884,
              7.0
            ],
            [
              14.0,
              20.0,
              0.9947546910425904,
              3.0
            ],
            [
              13.0,
              25.0,
              1.0006111395292123,
              4.0
            ],
            [
              24.0,
              26.0,
              1.0146798328487563,
              11.0
            ],
            [
              23.0,
              27.0,
              1.045589876727203,
              15.0
            ]
          ],
          "cluster_labels": [
            11,
            9,
            10,
            5,
            6,
            7,
            12,
            1,
            4,
            8,
            3,
            2,
            13,
            15,
            14
          ],
          "binary_names": [
            "grep",
            "sed",
            "gzip",
            "bzip2",
            "xz",
            "find",
            "tar",
            "bash",
            "python3",
            "curl",
            "git",
            "vim",
            "nano",
            "gcc",
            "objdump"
          ],
          "cluster_analysis": {
            "num_clusters": 15,
            "cluster_sizes": [
              1,
              1,
              1,
              1,
              1,
              1,
              1,
              1,
              1,
              1,
              1,
              1,
              1,
              1,
              1
            ],
            "largest_cluster_size": 1,
            "smallest_cluster_size": 1,
            "mean_cluster_size": 1.0,
            "singleton_clusters": 15,
            "clusters": {
              "cluster_11": [
                "grep"
              ],
              "cluster_9": [
                "sed"
              ],
              "cluster_10": [
                "gzip"
              ],
              "cluster_5": [
                "bzip2"
              ],
              "cluster_6": [
                "xz"
              ],
              "cluster_7": [
                "find"
              ],
              "cluster_12": [
                "tar"
              ],
              "cluster_1": [
                "bash"
              ],
              "cluster_4": [
                "python3"
              ],
              "cluster_8": [
                "curl"
              ],
              "cluster_3": [
                "git"
              ],
              "cluster_2": [
                "vim"
              ],
              "cluster_13": [
                "nano"
              ],
              "cluster_15": [
                "gcc"
              ],
              "cluster_14": [
                "objdump"
              ]
            }
          },
          "cophenetic_correlation": 0.0,
          "dendrogram_info": {
            "max_distance": 1.045589876727203,
            "min_distance": 0.9628135414839502,
            "height_range": 0.08277633524325279,
            "num_merges": 14
          },
          "silhouette_score": null,
          "category_purity": {
            "mean_purity": 1.0,
            "per_cluster_purity": {
              "cluster_11": 1.0,
              "cluster_9": 1.0,
              "cluster_10": 1.0,
              "cluster_5": 1.0,
              "cluster_6": 1.0,
              "cluster_7": 1.0,
              "cluster_12": 1.0,
              "cluster_1": 1.0,
              "cluster_4": 1.0,
              "cluster_8": 1.0,
              "cluster_3": 1.0,
              "cluster_2": 1.0,
              "cluster_13": 1.0,
              "cluster_15": 1.0,
              "cluster_14": 1.0
            },
            "interpretation": "High category purity (100.00% mean)"
          }
        },
        "complete": {
          "linkage_method": "complete",
          "distance_threshold": 0.5,
          "linkage_matrix": [
            [
              3.0,
              4.0,
              0.9628135414839502,
              2.0
            ],
            [
              1.0,
              2.0,
              0.9663381685306167,
              2.0
            ],
            [
              0.0,
              16.0,
              0.97873945545573,
              3.0
            ],
            [
              5.0,
              9.0,
              0.9794713353930655,
              2.0
            ],
            [
              17.0,
              18.0,
              0.9842773772742877,
              5.0
            ],
            [
              7.0,
              11.0,
              0.9881933871477406,
              2.0
            ],
            [
              6.0,
              12.0,
              0.9884476219538777,
              2.0
            ],
            [
              10.0,
              20.0,
              0.9897478605479295,
              3.0
            ],
            [
              15.0,
              19.0,
              0.9903298813524449,
              7.0
            ],
            [
              8.0,
              22.0,
              0.9912941521324931,
              4.0
            ],
            [
              21.0,
              23.0,
              0.9921095078251013,
              9.0
            ],
            [
              14.0,
              25.0,
              0.9943677982741694,
              10.0
            ],
            [
              13.0,
              24.0,
              0.9973325516634911,
              5.0
            ],
            [
              26.0,
              27.0,
              1.0,
              15.0
            ]
          ],
          "cluster_labels": [
            7,
            5,
            6,
            3,
            4,
            8,
            1,
            11,
            14,
            9,
            13,
            12,
            2,
            15,
            10
          ],
          "binary_names": [
            "grep",
            "sed",
            "gzip",
            "bzip2",
            "xz",
            "find",
            "tar",
            "bash",
            "python3",
            "curl",
            "git",
            "vim",
            "nano",
            "gcc",
            "objdump"
          ],
          "cluster_analysis": {
            "num_clusters": 15,
            "cluster_sizes": [
              1,
              1,
              1,
              1,
              1,
              1,
              1,
              1,
              1,
              1,
              1,
              1,
              1,
              1,
              1
            ],
            "largest_cluster_size": 1,
            "smallest_cluster_size": 1,
            "mean_cluster_size": 1.0,
            "singleton_clusters": 15,
            "clusters": {
              "cluster_7": [
                "grep"
              ],
              "cluster_5": [
                "sed"
              ],
              "cluster_6": [
                "gzip"
              ],
              "cluster_3": [
                "bzip2"
              ],
              "cluster_4": [
                "xz"
              ],
              "cluster_8": [
                "find"
              ],
              "cluster_1": [
                "tar"
              ],
              "cluster_11": [
                "bash"
              ],
              "cluster_14": [
                "python3"
              ],
              "cluster_9": [
                "curl"
              ],
              "cluster_13": [
                "git"
              ],
              "cluster_12": [
                "vim"
              ],
              "cluster_2": [
                "nano"
              ],
              "cluster_15": [
                "gcc"
              ],
              "cluster_10": [
                "objdump"
              ]
            }
          },
          "cophenetic_correlation": 0.0,
          "dendrogram_info": {
            "max_distance": 1.0,
            "min_distance": 0.9628135414839502,
            "height_range": 0.03718645851604985,
            "num_merges": 14
          },
          "silhouette_score": null,
          "category_purity": {
            "mean_purity": 1.0,
            "per_cluster_purity": {
              "cluster_7": 1.0,
              "cluster_5": 1.0,
              "cluster_6": 1.0,
              "cluster_3": 1.0,
              "cluster_4": 1.0,
              "cluster_8": 1.0,
              "cluster_1": 1.0,
              "cluster_11": 1.0,
              "cluster_14": 1.0,
              "cluster_9": 1.0,
              "cluster_13": 1.0,
              "cluster_12": 1.0,
              "cluster_2": 1.0,
              "cluster_15": 1.0,
              "cluster_10": 1.0
            },
            "interpretation": "High category purity (100.00% mean)"
          }
        },
        "average": {
          "linkage_method": "average",
          "distance_threshold": 0.5,
          "linkage_matrix": [
            [
              3.0,
              4.0,
              0.9628135414839502,
              2.0
            ],
            [
              1.0,
              2.0,
              0.9663381685306167,
              2.0
            ],
            [
              15.0,
              16.0,
              0.9746153110913082,
              4.0
            ],
            [
              9.0,
              17.0,
              0.9794318469189918,
              5.0
            ],
            [
              0.0,
              18.0,
              0.9816199163294698,
              6.0
            ],
            [
              5.0,
              19.0,
              0.9834910654019097,
              7.0
            ],
            [
              7.0,
              11.0,
              0.9881933871477406,
              2.0
            ],
            [
              6.0,
              12.0,
              0.9884476219538777,
              2.0
            ],
            [
              20.0,
              22.0,
              0.9890615838831806,
              9.0
            ],
            [
              10.0,
              21.0,
              0.9891878697375223,
              3.0
            ],
            [
              8.0,
              24.0,
              0.9904537003837142,
              4.0
            ],
            [
              14.0,
              23.0,
              0.9918249132752235,
              10.0
            ],
            [
              13.0,
              25.0,
              0.996978974374529,
              5.0
            ],
            [
              26.0,
              27.0,
              0.9983143029640511,
              15.0
            ]
          ],
          "cluster_labels": [
            6,
            3,
            4,
            1,
            2,
            7,
            8,
            11,
            14,
            5,
            13,
            12,
            9,
            15,
            10
          ],
          "binary_names": [
            "grep",
            "sed",
            "gzip",
            "bzip2",
            "xz",
            "find",
            "tar",
            "bash",
            "python3",
            "curl",
            "git",
            "vim",
            "nano",
            "gcc",
            "objdump"
          ],
          "cluster_analysis": {
            "num_clusters": 15,
            "cluster_sizes": [
              1,
              1,
              1,
              1,
              1,
              1,
              1,
              1,
              1,
              1,
              1,
              1,
              1,
              1,
              1
            ],
            "largest_cluster_size": 1,
            "smallest_cluster_size": 1,
            "mean_cluster_size": 1.0,
            "singleton_clusters": 15,
            "clusters": {
              "cluster_6": [
                "grep"
              ],
              "cluster_3": [
                "sed"
              ],
              "cluster_4": [
                "gzip"
              ],
              "cluster_1": [
                "bzip2"
              ],
              "cluster_2": [
                "xz"
              ],
              "cluster_7": [
                "find"
              ],
              "cluster_8": [
                "tar"
              ],
              "cluster_11": [
                "bash"
              ],
              "cluster_14": [
                "python3"
              ],
              "cluster_5": [
                "curl"
              ],
              "cluster_13": [
                "git"
              ],
              "cluster_12": [
                "vim"
              ],
              "cluster_9": [
                "nano"
              ],
              "cluster_15": [
                "gcc"
              ],
              "cluster_10": [
                "objdump"
              ]
            }
          },
          "cophenetic_correlation": 0.0,
          "dendrogram_info": {
            "max_distance": 0.9983143029640511,
            "min_distance": 0.9628135414839502,
            "height_range": 0.03550076148010095,
            "num_merges": 14
          },
          "silhouette_score": null,
          "category_purity": {
            "mean_purity": 1.0,
            "per_cluster_purity": {
              "cluster_6": 1.0,
              "cluster_3": 1.0,
              "cluster_4": 1.0,
              "cluster_1": 1.0,
              "cluster_2": 1.0,
              "cluster_7": 1.0,
              "cluster_8": 1.0,
              "cluster_11": 1.0,
              "cluster_14": 1.0,
              "cluster_5": 1.0,
              "cluster_13": 1.0,
              "cluster_12": 1.0,
              "cluster_9": 1.0,
              "cluster_15": 1.0,
              "cluster_10": 1.0
            },
            "interpretation": "High category purity (100.00% mean)"
          }
        }
      },
      "best_method": "ward",
      "best_result": {
        "linkage_method": "ward",
        "distance_threshold": 0.5,
        "linkage_matrix": [
          [
            3.0,
            4.0,
            0.9628135414839502,
            2.0
          ],
          [
            1.0,
            2.0,
            0.9663381685306167,
            2.0
          ],
          [
            5.0,
            9.0,
            0.9794713353930655,
            2.0
          ],
          [
            0.0,
            16.0,
            0.9812455268746523,
            3.0
          ],
          [
            7.0,
            11.0,
            0.9881933871477406,
            2.0
          ],
          [
            6.0,
            12.0,
            0.9884476219538777,
            2.0
          ],
          [
            10.0,
            19.0,
            0.9895193531036058,
            3.0
          ],
          [
            17.0,
            18.0,
            0.9897364402262255,
            5.0
          ],
          [
            8.0,
            21.0,
            0.9912515602451839,
            4.0
          ],
          [
            15.0,
            22.0,
            0.9928531418578884,
            7.0
          ],
          [
            14.0,
            20.0,
            0.9947546910425904,
            3.0
          ],
          [
            13.0,
            25.0,
            1.0006111395292123,
            4.0
          ],
          [
            24.0,
            26.0,
            1.0146798328487563,
            11.0
          ],
          [
            23.0,
            27.0,
            1.045589876727203,
            15.0
          ]
        ],
        "cluster_labels": [
          11,
          9,
          10,
          5,
          6,
          7,
          12,
          1,
          4,
          8,
          3,
          2,
          13,
          15,
          14
        ],
        "binary_names": [
          "grep",
          "sed",
          "gzip",
          "bzip2",
          "xz",
          "find",
          "tar",
          "bash",
          "python3",
          "curl",
          "git",
          "vim",
          "nano",
          "gcc",
          "objdump"
        ],
        "cluster_analysis": {
          "num_clusters": 15,
          "cluster_sizes": [
            1,
            1,
            1,
            1,
            1,
            1,
            1,
            1,
            1,
            1,
            1,
            1,
            1,
            1,
            1
          ],
          "largest_cluster_size": 1,
          "smallest_cluster_size": 1,
          "mean_cluster_size": 1.0,
          "singleton_clusters": 15,
          "clusters": {
            "cluster_11": [
              "grep"
            ],
            "cluster_9": [
              "sed"
            ],
            "cluster_10": [
              "gzip"
            ],
            "cluster_5": [
              "bzip2"
            ],
            "cluster_6": [
              "xz"
            ],
            "cluster_7": [
              "find"
            ],
            "cluster_12": [
              "tar"
            ],
            "cluster_1": [
              "bash"
            ],
            "cluster_4": [
              "python3"
            ],
            "cluster_8": [
              "curl"
            ],
            "cluster_3": [
              "git"
            ],
            "cluster_2": [
              "vim"
            ],
            "cluster_13": [
              "nano"
            ],
            "cluster_15": [
              "gcc"
            ],
            "cluster_14": [
              "objdump"
            ]
          }
        },
        "cophenetic_correlation": 0.0,
        "dendrogram_info": {
          "max_distance": 1.045589876727203,
          "min_distance": 0.9628135414839502,
          "height_range": 0.08277633524325279,
          "num_merges": 14
        },
        "silhouette_score": null,
        "category_purity": {
          "mean_purity": 1.0,
          "per_cluster_purity": {
            "cluster_11": 1.0,
            "cluster_9": 1.0,
            "cluster_10": 1.0,
            "cluster_5": 1.0,
            "cluster_6": 1.0,
            "cluster_7": 1.0,
            "cluster_12": 1.0,
            "cluster_1": 1.0,
            "cluster_4": 1.0,
            "cluster_8": 1.0,
            "cluster_3": 1.0,
            "cluster_2": 1.0,
            "cluster_13": 1.0,
            "cluster_15": 1.0,
            "cluster_14": 1.0
          },
          "interpretation": "High category purity (100.00% mean)"
        }
      },
      "method_comparison": {
        "ward": {
          "num_clusters": 15,
          "cophenetic_correlation": 0.0,
          "silhouette_score": null,
          "category_purity": 1.0,
          "largest_cluster_fraction": 0.06666666666666667
        },
        "complete": {
          "num_clusters": 15,
          "cophenetic_correlation": 0.0,
          "silhouette_score": null,
          "category_purity": 1.0,
          "largest_cluster_fraction": 0.06666666666666667
        },
        "average": {
          "num_clusters": 15,
          "cophenetic_correlation": 0.0,
          "silhouette_score": null,
          "category_purity": 1.0,
          "largest_cluster_fraction": 0.06666666666666667
        },
        "recommendation": {
          "best_method": null,
          "score": 0.0,
          "reasoning": "None provides the best balance of clustering quality and structure"
        }
      }
    },
    "ncd_lzma": {
      "methods": {
        "ward": {
          "linkage_method": "ward",
          "distance_threshold": 0.5,
          "linkage_matrix": [
            [
              0.0,
              1.0,
              0.8833063209076175,
              2.0
            ],
            [
              5.0,
              6.0,
              0.9127249895353704,
              2.0
            ],
            [
              2.0,
              4.0,
              0.9300239234449761,
