{
  "matrix": [
    [
      0.0,
      0.8833063209076175,
      0.9458670988654782,
      0.9721231766612641,
      0.9539708265802269,
      0.9043760129659644,
      0.9489326077856843,
      0.9797847585805701,
      0.985145739910314,
      0.939384116693679,
      0.9830230010952903,
      0.9847715736040609,
      0.9449229374433363,
      0.9763243059104071,
      0.948989650073928
    ],
    [
      0.8833063209076175,
      0.0,
      0.92125579001544,
      0.9562532166752444,
      0.9336078229541945,
      0.9186727391021471,
      0.9598158225198828,
      0.9841477603257708,
      0.9852858744394619,
      0.9348598499802606,
      0.984118291347207,
      0.9865550830017835,
      0.9578422484134179,
      0.9819451541475047,
      0.9603252833908329
    ],
    [
      0.9458670988654782,
      0.92125579001544,
      0.0,
      0.9497607655502392,
      0.9300239234449761,
      0.9541314248536109,
      0.962955211385517,
      0.9869109947643979,
      0.9866872197309418,
      0.9403868930122384,
      0.9856243154435925,
      0.9877898202771299,
      0.9630553037171351,
      0.9821154828819622,
      0.9637752587481518
    ],
    [
      0.9721231766612641,
      0.9562532166752444,
      0.9497607655502392,
      0.0,
      0.934887459807074,
      0.9765777488614183,
      0.9794893260778569,
      0.9928737638161722,
      0.9901905829596412,
      0.9636794315041453,
      0.9915115005476451,
      0.9913568390725751,
      0.9777878513145966,
      0.9884176460568898,
      0.980039428289798
    ],
    [
      0.9539708265802269,
      0.9336078229541945,
      0.9300239234449761,
      0.934887459807074,
      0.0,
      0.9499024072869225,
      0.9650481372959397,
      0.9853112274578243,
      0.9862668161434978,
      0.9423608369522306,
      0.9850766703176341,
      0.9897105227054466,
      0.9603354487760652,
      0.9814341679441322,
      0.9613109906357812
    ],
    [
      0.9043760129659644,
      0.9186727391021471,
      0.9541314248536109,
      0.9765777488614183,
      0.9499024072869225,
      0.0,
      0.9127249895353704,
      0.9796393251890634,
      0.9817825112107623,
      0.9333116460637606,
      0.9824753559693319,
      0.9847715736040609,
      0.9444696282864914,
      0.9763243059104071,
      0.948989650073928
    ],
    [
      0.9489326077856843,
      0.9598158225198828,
      0.962955211385517,
      0.9794893260778569,
      0.9650481372959397,
      0.9127249895353704,
      0.0,
      0.9805119255381035,
      0.9819226457399103,
      0.9545835077438258,
      0.9830230010952903,
      0.9838112223899026,
      0.9480954374215153,
      0.9771759495826946,
      0.9562578484721641
    ],
    [
      0.9797847585805701,
      0.9841477603257708,
      0.9869109947643979,
      0.9928737638161722,
      0.9853112274578243,
      0.9796393251890634,
      0.9805119255381035,
      0.0,
      0.968609865470852,
      0.9822571262361838,
      0.9661829134720701,
      0.9683084099327754,
      0.9758580570098895,
      0.9719313554392088,
      0.9780395578824899
    ],
    [
      0.985145739910314,
      0.9852858744394619,
      0.9866872197309418,
      0.9901905829596412,
      0.9862668161434978,
      0.9817825112107623,
      0.9819226457399103,
      0.968609865470852,
      0.0,
      0.984585201793722,
      0.967552026286966,
      0.9695431472081218,
      0.9792600896860987,
      0.9744955156950673,
      0.9809417040358744
    ],
    [
      0.939384116693679,
      0.9348598499802606,
      0.9403868930122384,
      0.9636794315041453,
      0.9423608369522306,
      0.9333116460637606,
      0.9545835077438258,
      0.9822571262361838,
      0.984585201793722,
      0.0,
      0.9864457831325302,
      0.9887501714912882,
      0.9539891205802358,
      0.9817748254130472,
      0.9578610152784623
    ],
    [
      0.9830230010952903,
      0.984118291347207,
      0.9856243154435925,
      0.9915115005476451,
      0.9850766703176341,
      0.9824753559693319,
      0.9830230010952903,
      0.9661829134720701,
      0.967552026286966,
      0.9864457831325302,
      0.0,
      0.9674151150054765,
      0.9791894852135816,
      0.9746714129244249,
      0.9808324205914567
    ],
    [
      0.9847715736040609,
      0.9865550830017835,
      0.9877898202771299,
      0.9913568390725751,
      0.9897105227054466,
      0.9847715736040609,
      0.9838112223899026,
      0.9683084099327754,
      0.9695431472081218,
      0.9887501714912882,
      0.9674151150054765,
      0.0,
      0.979146659349705,
      0.9751680614624777,
      0.9803813966250514
    ],
    [
      0.9449229374433363,
      0.9578422484134179,
      0.9630553037171351,
      0.9777878513145966,
      0.9603354487760652,
      0.9444696282864914,
      0.9480954374215153,
      0.9758580570098895,
      0.9792600896860987,
      0.9539891205802358,
      0.9791894852135816,
      0.979146659349705,
      0.0,
      0.977005620848237,
      0.9537624660018132
    ],
    [
      0.9763243059104071,
      0.9819451541475047,
      0.9821154828819622,
      0.9884176460568898,
      0.9814341679441322,
      0.9763243059104071,
      0.9771759495826946,
      0.9719313554392088,
      0.9744955156950673,
      0.9817748254130472,
      0.9746714129244249,
      0.9751680614624777,
      0.977005620848237,
      0.0,
      0.9730880599557146
    ],
    [
      0.948989650073928,
      0.9603252833908329,
      0.9637752587481518,
      0.980039428289798,
      0.9613109906357812,
      0.948989650073928,
      0.9562578484721641,
      0.9780395578824899,
      0.9809417040358744,
      0.9578610152784623,
      0.9808324205914567,
      0.9803813966250514,
      0.9537624660018132,
      0.9730880599557146,
      0.0
    ]
  ],
  "binary_names": [
    "grep",
    "sed",
    "gzip",
    "bzip2",
    "xz",
    "find",
    "tar",
    "bash",
    "python3",
    "curl",
    "git",
    "vim",
    "nano",
    "gcc",
    "objdump"
  ],
  "statistics": {
    "mean_distance": 0.9673267579892719,
    "std_distance": 0.020878386872048193,
    "min_distance": 0.8833063209076175,
    "max_distance": 0.9928737638161722,
    "median_distance": 0.9758580570098895
  },
  "most_similar_pairs": [
    {
      "binary1": "grep",
      "binary2": "sed",
      "distance": 0.8833063209076175,
      "similarity": 0.11669367909238249
    },
    {
      "binary1": "grep",
      "binary2": "find",
      "distance": 0.9043760129659644,
      "similarity": 0.09562398703403563
    },
    {
      "binary1": "find",
      "binary2": "tar",
      "distance": 0.9127249895353704,
      "similarity": 0.0872750104646296
    },
    {
      "binary1": "sed",
      "binary2": "find",
      "distance": 0.9186727391021471,
      "similarity": 0.08132726089785292
    },
    {
      "binary1": "sed",
      "binary2": "gzip",
      "distance": 0.92125579001544,
      "similarity": 0.07874420998456
    }
  ],
  "most_different_pairs": [
    {
      "binary1": "bzip2",
      "binary2": "bash",
      "distance": 0.9928737638161722,
      "similarity": 0.007126236183827794
    },
    {
      "binary1": "bzip2",
      "binary2": "git",
      "distance": 0.9915115005476451,
      "similarity": 0.008488499452354858
    },
    {
      "binary1": "bzip2",
      "binary2": "vim",
      "distance": 0.9913568390725751,
      "similarity": 0.008643160927424898
    },
    {
      "binary1": "bzip2",
      "binary2": "python3",
      "distance": 0.9901905829596412,
      "similarity": 0.009809417040358759
    },
    {
      "binary1": "xz",
      "binary2": "vim",
      "distance": 0.9897105227054466,
      "similarity": 0.010289477294553429
    }
  ]
}