{
  "matrix": [
    [
      0.0,
      0.9763390713942802,
      0.97873945545573,
      0.9903298813524449,
      0.9812084219189356,
      0.9822371579452712,
      0.9882732464362004,
      0.995846313603323,
      0.9988274952366994,
      0.9814827515259584,
      0.999597955315605,
      1.0,
      0.9892982289989583,
      0.9972849385538726,
      0.9943677982741694
    ],
    [
      0.9763390713942802,
      0.0,
      0.9663381685306167,
      0.9836120031004318,
      0.973535599601373,
      0.9834534843803638,
      0.9893194995422643,
      0.9960906480972451,
      0.9984464311886267,
      0.9779988198600691,
      0.9990236057664694,
      0.9985923989543535,
      0.9885879344634909,
      0.9978565304372677,
      0.9898206996331318
    ],
    [
      0.97873945545573,
      0.9663381685306167,
      0.0,
      0.9768104676771603,
      0.9645031739862676,
      0.9842773772742877,
      0.9882732464362004,
      0.9954798118624397,
      0.9978015535688114,
      0.9818764224900952,
      0.9977026018034576,
      0.9973571572204188,
      0.99100293588408,
      0.9970348671048871,
      0.992610964708314
    ],
    [
      0.9903298813524449,
      0.9836120031004318,
      0.9768104676771603,
      0.0,
      0.9628135414839502,
      0.9890147614143495,
      0.9921095078251013,
      0.9969458188259728,
      0.9974204895207387,
      0.9823821967461857,
      0.9978749066681982,
      0.997213524460659,
      0.99100293588408,
      0.9992140611603315,
      0.9941611119723041
    ],
    [
      0.9812084219189356,
      0.973535599601373,
      0.9645031739862676,
      0.9628135414839502,
      0.0,
      0.9824922760041195,
      0.9866602728976852,
      0.9976482804959991,
      0.9986809321412868,
      0.9754699485796173,
      0.9990236057664694,
      0.9991669299933928,
      0.9861255800738706,
      0.9976421834809945,
      0.9893039838784684
    ],
    [
      0.9822371579452712,
      0.9834534843803638,
      0.9842773772742877,
      0.9890147614143495,
      0.9824922760041195,
      0.0,
      0.9872705872095557,
      0.995846313603323,
      0.9984757438077092,
      0.9794713353930655,
      0.9992533455861237,
      0.9994829220648646,
      0.9904820532247371,
      0.9981780508716777,
      0.9928176510101793
    ],
    [
      0.9882732464362004,
      0.9893194995422643,
      0.9882732464362004,
      0.9921095078251013,
      0.9866602728976852,
      0.9872705872095557,
      0.0,
      0.9943192230163094,
      0.9972446138062436,
      0.9884476219538777,
      0.9971569697317788,
      0.9976444227399385,
      0.9884476219538777,
      0.9975350100028579,
      0.9928506037752299
    ],
    [
      0.995846313603323,
      0.9960906480972451,
      0.9954798118624397,
      0.9969458188259728,
      0.9976482804959991,
      0.995846313603323,
      0.9943192230163094,
      0.0,
      0.9912941521324931,
      0.999450247388675,
      0.988627878927115,
      0.9881933871477406,
      1.0,
      0.9962128153442062,
      1.0
    ],
    [
      0.9988274952366994,
      0.9984464311886267,
      0.9978015535688114,
      0.9974204895207387,
      0.9986809321412868,
      0.9984757438077092,
      0.9972446138062436,
      0.9912941521324931,
      0.0,
      1.0,
      0.989948882890127,
      0.9901180661285226,
      1.0,
      0.9973325516634911,
      1.0
    ],
    [
      0.9814827515259584,
      0.9779988198600691,
      0.9818764224900952,
      0.9823821967461857,
      0.9754699485796173,
      0.9794713353930655,
      0.9884476219538777,
      0.999450247388675,
      1.0,
      0.0,
      1.0,
      1.0,
      0.9900085235344256,
      0.9980351529008288,
      0.9869787629824833
    ],
    [
      0.999597955315605,
      0.9990236057664694,
      0.9977026018034576,
      0.9978749066681982,
      0.9990236057664694,
      0.9992533455861237,
      0.9971569697317788,
      0.988627878927115,
      0.989948882890127,
      1.0,
      0.0,
      0.9897478605479295,
      1.0,
      0.9970420998219517,
      1.0
    ],
    [
      1.0,
      0.9985923989543535,
      0.9973571572204188,
      0.997213524460659,
      0.9991669299933928,
      0.9994829220648646,
      0.9976444227399385,
      0.9881933871477406,
      0.9901180661285226,
      1.0,
      0.9897478605479295,
      0.0,
      1.0,
      0.9973284306684669,
      1.0
    ],
    [
      0.9892982289989583,
      0.9885879344634909,
      0.99100293588408,
      0.99100293588408,
      0.9861255800738706,
      0.9904820532247371,
      0.9884476219538777,
      1.0,
      1.0,
      0.9900085235344256,
      1.0,
      1.0,
      0.0,
      0.9983209488425264,
      0.9935126432427314
    ],
    [
      0.9972849385538726,
      0.9978565304372677,
      0.9970348671048871,
      0.9992140611603315,
      0.9976421834809945,
      0.9981780508716777,
      0.9975350100028579,
      0.9962128153442062,
      0.9973325516634911,
      0.9980351529008288,
      0.9970420998219517,
      0.9973284306684669,
      0.9983209488425264,
      0.0,
      0.9969991426121749
    ],
    [
      0.9943677982741694,
      0.9898206996331318,
      0.992610964708314,
      0.9941611119723041,
      0.9893039838784684,
      0.9928176510101793,
      0.9928506037752299,
      1.0,
      1.0,
      0.9869787629824833,
      1.0,
      1.0,
      0.9935126432427314,
      0.9969991426121749,
      0.0
    ]
  ],
  "binary_names": [
    "grep",
    "sed",
    "gzip",
    "bzip2",
    "xz",
    "find",
    "tar",
    "bash",
    "python3",
    "curl",
    "git",
    "vim",
    "nano",
    "gcc",
    "objdump"
  ],
  "statistics": {
    "mean_distance": 0.9919779200512817,
    "std_distance": 0.008259625296968552,
    "min_distance": 0.9628135414839502,
    "max_distance": 1.0,
    "median_distance": 0.9954798118624397
  },
  "most_similar_pairs": [
    {
      "binary1": "bzip2",
      "binary2": "xz",
      "distance": 0.9628135414839502,
      "similarity": 0.03718645851604985
    },
    {
      "binary1": "gzip",
      "binary2": "xz",
      "distance": 0.9645031739862676,
      "similarity": 0.035496826013732385
    },
    {
      "binary1": "sed",
      "binary2": "gzip",
      "distance": 0.9663381685306167,
      "similarity": 0.033661831469383285
    },
    {
      "binary1": "sed",
      "binary2": "xz",
      "distance": 0.973535599601373,
      "similarity": 0.026464400398626964
    },
    {
      "binary1": "xz",
      "binary2": "curl",
      "distance": 0.9754699485796173,
      "similarity": 0.02453005142038267
    }
  ],
  "most_different_pairs": [
    {
      "binary1": "grep",
      "binary2": "vim",
      "distance": 1.0,
      "similarity": 0.0
    },
    {
      "binary1": "bash",
      "binary2": "nano",
      "distance": 1.0,
      "similarity": 0.0
    },
    {
      "binary1": "bash",
      "binary2": "objdump",
      "distance": 1.0,
      "similarity": 0.0
    },
    {
      "binary1": "python3",
      "binary2": "curl",
      "distance": 1.0,
      "similarity": 0.0
    },
    {
      "binary1": "python3",
      "binary2": "nano",
      "distance": 1.0,
      "similarity": 0.0
    }
  ]
}